,Binance,Kucoin,Bybit,Huobi,Poloniex,Bitget,Ascendex,Probit,Okx
BTCUSDT,101032.0,101027.2,101033.13,101021.63,101068.76,101072.0,101045.14,101052.0,101052.1
ETHUSDT,3895.27,3895.6,3895.2,3895.51,3895.46,3896.02,3896.12,3896.1,3895.81
BNBUSDT,730.42,730.453,730.59,730.25,730.54,730.3,732.8,742.34,730.7
BCCUSDT,0.0,,,,,,,,
NEOUSDT,21.53,21.5422,,21.55,22.11,21.54,21.575,20.71,21.556
LTCUSDT,143.54,143.554,143.6,143.53,143.46,143.53,143.8,143.49,143.56
QTUMUSDT,4.925,4.903,4.9279,4.9273,4.934,4.925,4.9506,4.911,4.933
ADAUSDT,1.2263,1.2259,1.227,1.226567,1.22743,1.2264,1.23356,,1.2266
XRPUSDT,2.4051,2.40421,2.4067,2.40408,2.4095,2.4057,2.41301,2.4051,2.4074
EOSUSDT,1.4137,1.4126,1.4155,1.4131,1.4163,1.4138,1.4215,1.4088,1.4154
TUSDUSDT,1.0054,1.0052,1.0038,1.005,1.00599,1.0051,,1.0048,
IOTAUSDT,0.4752,0.4747,,0.4746,,,,,0.4755
XLMUSDT,0.4905,0.4905,0.49073,0.490555,0.4907,0.4906,0.49335,0.49,0.49074
ONTUSDT,0.3539,0.35381,,0.3539,,0.3532,0.3552,0.3538,0.3545
TRXUSDT,0.3286,0.3286,0.32882,0.328624,0.32903,0.3285,0.32915,0.32831,0.32877
ETCUSDT,37.04,37.0491,37.07,37.0412,37.213,37.04,37.2553,37.0345,37.08
ICXUSDT,0.2725,0.2721,0.27277,0.2729,,0.2723,,0.2728,0.2729
VENUSDT,0.0,,,,,,,,
NULSUSDT,0.5807,,,0.5809,,,,,0.581
VETUSDT,0.06856,0.0685,,0.068592,,0.06851,0.068981,0.0629,
PAXUSDT,0.0,,,,,,,,
BCHABCUSDT,0.0,,,,,,,,
BCHSVUSDT,0.0,84.74,,,85.17,,,,
USDCUSDT,0.9995,0.9992,0.9995,0.9995,,0.9994,,0.9989,0.9994
LINKUSDT,24.36,24.3657,24.3773,24.3596,24.4295,24.36,24.5052,24.3619,24.378
WAVESUSDT,0.0,2.5138,2.5171,2.5159,,2.5106,,1.9609,
BTTUSDT,0.0,1.5766e-06,1.5797e-06,1.5737e-06,1.5762e-06,1.57e-06,1.5233e-06,1.409e-06,1.5792e-06
USDSUSDT,0.0,,,,,,,0.99,
ONGUSDT,0.4866,,,,,0.4871,0.48972,0.4861,
HOTUSDT,0.003725,,0.003731,0.003725,,0.003723,0.003748,0.0026673,
ZILUSDT,0.03387,0.03388,0.03391,0.033862,,0.03386,0.034089,0.048999,0.03391
ZRXUSDT,0.6726,0.6721,0.6732,0.6733,0.6733,0.6725,0.67606,0.6709,0.6732
FETUSDT,2.044,2.0419,2.0474,2.0414,2.0592,2.045,2.05626,,2.0466
BATUSDT,0.3415,0.3412,0.3418,0.3417,0.3528,0.3413,0.34374,0.34151,0.3417
XMRUSDT,0.0,200.47,,200.51,200.57,,,,
ZECUSDT,72.32,72.335,28.12,72.14,65.85,,72.78,,
IOSTUSDT,0.010865,0.010861,,0.010872,,0.010857,0.010934,,0.01087
CELRUSDT,0.02503,0.02501,,,,0.025,0.025165,,0.02507
DASHUSDT,64.48,64.41,60.0,64.48,64.56,,64.8,,
NANOUSDT,0.0,,,1.6877,,,,2.7,
OMGUSDT,0.0,0.5999,0.6012,0.6008,0.5464,0.6001,,0.6,
THETAUSDT,3.186,3.1874,3.1905,3.1901,,,,,3.1866
ENJUSDT,0.3813,0.3809,0.38169,0.3813,0.3954,0.3812,0.3832,0.298,0.3817
MITHUSDT,0.0,,,,,,,,
MATICUSDT,0.0,,,,,,,,
ATOMUSDT,10.018,10.018,10.0215,10.0145,10.023,10.019,10.0,9.985,10.023
TFUELUSDT,0.09345,0.09336,,,,,,,
ONEUSDT,0.03301,0.033053,0.03303,0.033141,,0.033,0.033274,0.031546,0.03304
FTMUSDT,1.2626,1.26192,1.26285,1.2623,1.2918,1.2622,1.269214,1.2635,1.2629
ALGOUSDT,0.4768,0.4767,0.47711,0.4768,,,0.478,0.512,0.4773
USDSBUSDT,0.0,,,,,,,,
GTOUSDT,0.0,,,,,,,,
ERDUSDT,0.0,,,,,,,,
DOGEUSDT,0.44347,0.44344,0.44345,0.443484,0.443764,0.44343,0.4457,0.443553,0.44359
DUSKUSDT,0.3146,0.31423,,0.3145,0.3257,0.3145,0.31556,,
ANKRUSDT,0.05514,0.05504,0.0552,0.05534,,0.05505,0.055426,,
WINUSDT,0.00015677,0.0001567,,0.00015691,0.00015759,0.00015678,0.0001578,,0.00015683
COSUSDT,0.015477,,,,,,,,
NPXSUSDT,0.0,,,,,,,,
COCOSUSDT,0.0,,,,,,,,
MTLUSDT,1.707,1.7585,,1.7216,,1.708,,,
TOMOUSDT,0.0,,,,,,0.03697,,
PERLUSDT,0.0,,,,,,,,
DENTUSDT,0.00197,0.0019699,,,,0.00197,,,
MFTUSDT,0.0,,,,,,,,
KEYUSDT,0.002125,0.00214,,,,0.002133,,0.0022,
STORMUSDT,0.0,,,,,,,,
DOCKUSDT,0.0,,,,,,,,
WANUSDT,0.3042,0.30441,,0.3052,,,,,
FUNUSDT,0.005425,,,,,,,,
CVCUSDT,0.1819,0.1816,,0.1825,0.1818,0.1816,,,0.18221
CHZUSDT,0.1359,0.13599,0.136,0.135878,0.14,0.1359,0.136881,0.13373,0.136
BANDUSDT,2.23,2.2277,,2.2304,2.2451,2.229,2.2432,2.233,2.232
BUSDUSDT,0.0,,,,,,,,
BEAMUSDT,0.0,,0.032401,,,0.03233,,,
XTZUSDT,1.703,1.702,1.7036,1.7039,1.7405,1.702,1.7125,1.703,1.704
RENUSDT,0.04994,0.04986,0.05019,0.05338,0.0492,0.04989,,0.0505,
RVNUSDT,0.03308,0.03309,0.03307,0.033084,,,0.033308,0.0333,0.03311
HCUSDT,0.0,,,,,,,,
HBARUSDT,0.29295,0.29299,0.29303,0.292845,,0.293,,,0.29325
NKNUSDT,0.1397,0.1396,,0.139948,,0.13973,,,
STXUSDT,2.803,2.8024,2.80418,,2.4017,2.804,,,2.8051
KAVAUSDT,0.7341,0.7343,0.7348,0.7344,,0.7329,0.738,,
ARPAUSDT,0.07401,0.073979,,0.074225,,0.07399,,,
IOTXUSDT,0.0605,0.06049,,0.060565,,0.06044,,,
RLCUSDT,2.935,2.9377,,2.9361,2.9321,2.931,,,
MCOUSDT,0.0,,,,,,,,
CTXCUSDT,0.6758,,,0.6778,,,,,0.6765
BCHUSDT,616.5,616.63,616.8,616.79,616.56,616.2,620.07,616.67,616.7
TROYUSDT,0.004592,,,,,,,,
VITEUSDT,0.01761,,,,,,,,
FTTUSDT,3.783,3.769,3.7837,3.7746,3.583,3.7745,3.8021,3.095,
EURUSDT,1.0557,,,,,,,,
OGNUSDT,0.1646,0.16452,,0.1646,0.1653,0.16451,,0.1618,
DREPUSDT,0.0,,,,,,,,
BULLUSDT,0.0,0.005305,,0.005365,,,0.05388,,
BEARUSDT,0.0,,,,,,,,
ETHBULLUSDT,0.0,,,,,,,,
ETHBEARUSDT,0.0,,,,,,,,
TCTUSDT,0.0,,,,,,,,
WRXUSDT,0.233,0.2871,,,,,,,
BTSUSDT,0.0,,,,0.00655,,,0.01003,
LSKUSDT,1.432,1.4305,,1.4314,1.439,1.434,,,1.4312
BNTUSDT,0.9342,,0.9368,0.9341,0.9415,0.9339,,1.071,0.9345
LTOUSDT,0.2301,0.22887,,,,,0.23155,,
EOSBULLUSDT,0.0,,,,,,,,
EOSBEARUSDT,0.0,,,,,,,,
XRPBULLUSDT,0.0,,,,3.88e-06,,,,
XRPBEARUSDT,0.0,,,,,,,,
STRATUSDT,0.0,,,,,,,,
AIONUSDT,0.0,,,,,,,,
MBLUSDT,0.004467,0.004458,,0.004485,,0.00446,,,
COTIUSDT,0.18375,0.1794,,0.1774,,0.18376,0.184699,,
BNBBULLUSDT,0.0,,,,,,,,
BNBBEARUSDT,0.0,,,,,,,,
STPTUSDT,0.06072,,,0.060978,0.0575,0.06064,,,
WTCUSDT,0.0,,,,,,,,
DATAUSDT,0.05936,0.05939,,,,,,,
XZCUSDT,0.0,,,,,,,,
SOLUSDT,238.61,238.584,238.63,238.6076,238.824,238.6,239.8025,235.251,238.65
CTSIUSDT,0.2405,0.2403,,0.2404,0.242,0.2402,,,
HIVEUSDT,0.3275,,,0.3288,,,,0.3283,
CHRUSDT,0.3255,0.3253,,0.327332,0.3318,0.3254,0.32743,,
BTCUPUSDT,0.0,88.77,,,,,,,
BTCDOWNUSDT,0.0,0.02593,,,,,,,
GXSUSDT,0.0,,,,,,,,
ARDRUSDT,0.12694,,,0.1274,0.12791,,,0.12627,
LENDUSDT,0.0,,,,,,,,
MDTUSDT,0.06324,,,,0.06394,0.06313,,,0.06321
STMXUSDT,0.008874,,,,0.008839,0.008858,,,
KNCUSDT,0.8347,0.8343,,0.8348,0.8123,0.8346,,0.8346,0.8351
REPUSDT,0.0,,,,,,,,
LRCUSDT,0.3143,0.3142,0.3145,0.3146,0.3246,0.3144,0.3163,0.2901,0.3146
PNTUSDT,0.0,,,,,,,,
COMPUSDT,119.03,118.84,119.2,118.79,125.63,118.89,119.8,119.53,119.15
BKRWUSDT,0.0,,,,,,,,
SCUSDT,0.007866,,0.007868,0.007891,0.007872,,,,0.007867
ZENUSDT,17.39,17.366,17.4057,18.9999,,,,,
SNXUSDT,3.019,3.02,3.022,3.0193,3.031,3.019,3.035,3.0111,3.023
ETHUPUSDT,0.0,21.0704,,,,,,,
ETHDOWNUSDT,0.0,0.028907,,,,,,,
ADAUPUSDT,0.0,,,,,,,,
ADADOWNUSDT,0.0,,,,,,,,
LINKUPUSDT,0.0,,,,,,,,
LINKDOWNUSDT,0.0,,,,,,,,
VTHOUSDT,0.004329,,,,,,,,
DGBUSDT,0.01943,0.019414,0.019458,0.021735,,,,0.01957,0.019465
GBPUSDT,0.0,,,,,,,,
SXPUSDT,0.4591,0.458,,0.4591,0.4449,0.4587,,,
MKRUSDT,2162.0,2161.35,2161.7,2164.78,2183.91,2162.0,,,2162.6
DAIUSDT,0.0,,0.9994,0.999,1.0,0.9993,,,1.0084
DCRUSDT,22.48,22.44,,22.5914,22.52,,,,
STORJUSDT,0.7052,0.7044,,0.7058,0.6963,0.7051,,,0.7055
BNBUPUSDT,0.0,,,,,,,,
BNBDOWNUSDT,0.0,,,,,,,,
XTZUPUSDT,0.0,,,,,,,,
XTZDOWNUSDT,0.0,,,,,,,,
MANAUSDT,0.7875,0.78794,0.7879,0.7892,0.7879,0.7875,0.792,0.7861,0.7881
AUDUSDT,0.0,,,,,,,,
YFIUSDT,11485.0,11474.24,11490.76,11493.16,11576.4,11467.0,,10777.0,11491.0
BALUSDT,3.716,3.711,,3.7366,3.743,3.72,,2.89,3.72
BLZUSDT,0.1867,0.18575,,0.1873,,0.1867,,0.1754,
IRISUSDT,0.01118,,,,,,,,
KMDUSDT,0.3952,0.3938,,0.3849,,,,,
JSTUSDT,0.05269,0.05265,0.05285,0.052706,0.052895,0.05271,0.052694,0.048006,0.05272
SRMUSDT,0.0,,,0.0469,,,,0.0339,
ANTUSDT,0.0,,,,,,,,
CRVUSDT,1.107,1.1064,1.1076,1.1081,1.1179,1.1068,1.1131,1.1078,1.1073
SANDUSDT,0.9365,0.93687,0.93738,0.936951,0.9399,0.9364,0.9426,0.9375,0.9374
OCEANUSDT,0.0,,,,0.0,,,,
NMRUSDT,25.03,25.017,,,25.0,25.0,,21.0,25.06
DOTUSDT,11.089,11.0883,11.092,11.0873,11.1,11.089,11.089,10.34,11.091
LUNAUSDT,0.7766,0.7764,0.7772,0.7768,0.763,0.7774,,,0.7774
RSRUSDT,0.019121,0.01912,,0.01916,0.03374,0.019136,,0.01916,0.019124
PAXGUSDT,2626.0,2624.65,2625.0,,,2625.0,,,
WNXMUSDT,0.0,,,76.9638,72.12,75.9543,,,
TRBUSDT,92.42,92.371,,92.4691,96.99,92.42,,,92.47
BZRXUSDT,0.0,,,,,,,,
SUSHIUSDT,1.505,1.5053,1.506,1.5041,1.4853,1.505,1.514,1.505,1.5058
YFIIUSDT,0.0,,,595.5163,270.23,,,550.0,
KSMUSDT,46.25,46.25,46.28,46.2485,46.31,46.23,,,46.28
EGLDUSDT,56.57,56.56,56.59,56.662,56.85,56.57,56.89,56.62,56.6
DIAUSDT,1.0084,1.0063,,1.0082,0.8501,,1.0138,,1.0095
RUNEUSDT,7.141,7.1397,7.1423,7.1536,6.9699,7.142,7.187,,
FIOUSDT,0.0608,,,0.060815,,,0.0611,,
UMAUSDT,4.002,4.001,4.0066,4.0087,3.935,3.997,,4.0,4.002
EOSUPUSDT,0.0,,,,,,,,
EOSDOWNUSDT,0.0,,,,,,,,
TRXUPUSDT,0.0,,,,,,,,
TRXDOWNUSDT,0.0,,,,,,,,
XRPUPUSDT,0.0,,,,,,,,
XRPDOWNUSDT,0.0,,,,,,,,
DOTUPUSDT,0.0,,,,,,,,
DOTDOWNUSDT,0.0,,,,,,,,
BELUSDT,0.8721,,0.8735,,,0.8723,,,
WINGUSDT,7.469,,,,,7.464,,,
LTCUPUSDT,0.0,,,,,,,,
LTCDOWNUSDT,0.0,,,,,,,,
UNIUSDT,15.513,15.5158,15.5203,15.5178,15.6694,15.512,15.613,,15.519
NBSUSDT,0.0,,,,,,,,
OXTUSDT,0.1466,0.14666,,0.1477,,0.14641,,,0.14668
SUNUSDT,0.03103,0.03103,0.031023,0.031041,0.0310614,0.03102,0.0306,,
AVAXUSDT,53.32,53.321,53.354,53.3154,53.536,53.35,53.65,53.35,53.356
HNTUSDT,0.0,8.587,8.5945,,9.036,8.5924,,,
FLMUSDT,0.1058,,,,,0.10584,,,0.10586
UNIUPUSDT,0.0,,,,,,,,
UNIDOWNUSDT,0.0,,,,,,,,
ORNUSDT,0.0,,,,,,1.99995,,
UTKUSDT,0.06699,0.06695,,0.0677,,,,0.0388,
XVSUSDT,11.47,,,,9.998,,,11.481,
ALPHAUSDT,0.1294,0.12868,,,0.1339,0.12921,,,0.1294
AAVEUSDT,257.13,257.086,257.2331,257.1361,255.83,257.02,258.56,256.55,257.24
NEARUSDT,7.95,7.9495,7.9538,7.9558,7.958,7.949,7.957,,7.955
SXPUPUSDT,0.0,,,,,,,,
SXPDOWNUSDT,0.0,,,,,,,,
FILUSDT,7.989,7.9904,7.998,7.9905,8.002,7.99,8.002,,7.996
FILUPUSDT,0.0,,,,,,,,
FILDOWNUSDT,0.0,,,,,,,,
YFIUPUSDT,0.0,,,,,,,,
YFIDOWNUSDT,0.0,,,,,,,,
INJUSDT,34.03,34.057,34.052,34.0281,34.1147,34.03,34.21,,34.068
AUDIOUSDT,0.2314,0.2313,,0.2329,0.2963,0.2312,,,
CTKUSDT,0.9887,,,,,,,0.000848,
BCHUPUSDT,0.0,,,,,,,,
BCHDOWNUSDT,0.0,,,,,,,,
AKROUSDT,0.005731,0.0057336,,0.005819,0.00729,0.005724,0.00614,,
AXSUSDT,9.471,9.47,9.4757,9.4858,9.45,9.47,9.52,9.033,9.479
HARDUSDT,0.1938,0.1935,,,,,0.1949,,
DNTUSDT,0.0,,,,,,,,
STRAXUSDT,0.08115,0.08082,,,,0.08087,,,
UNFIUSDT,0.0,0.963,,0.9793,,0.9615,,,
ROSEUSDT,0.13162,0.13151,0.13177,,,0.13171,,,
AVAUSDT,0.7687,0.7656,0.7699,,0.7764,,,0.45,
XEMUSDT,0.0,0.039106,0.03933,0.0392,0.03928,0.03915,0.05013,0.0369,
AAVEUPUSDT,0.0,,,,,,,,
AAVEDOWNUSDT,0.0,,,,,,,,
SKLUSDT,0.08148,0.08144,,0.081481,,0.08137,,,0.08154
SUSDUSDT,0.0,,,,,,,,
SUSHIUPUSDT,0.0,,,,,,,,
SUSHIDOWNUSDT,0.0,,,,,,,,
XLMUPUSDT,0.0,,,,,,,,
XLMDOWNUSDT,0.0,,,,,,,,
GRTUSDT,0.3444,0.34445,0.34459,0.344153,0.3456,0.3442,0.3461,0.3444,0.3445
JUVUSDT,1.976,,1.9795,1.984,1.9999,1.973,,,
PSGUSDT,3.203,,3.2072,3.2623,3.231,3.196,,,
1INCHUSDT,0.5268,0.52665,0.5271,0.528737,,0.5274,0.5297,,0.5273
REEFUSDT,0.0,0.002078,,0.002082,0.002081,0.0020855,,,
OGUSDT,5.917,,,5.9273,15.9,5.913,5.95,,
ATMUSDT,2.455,,,2.4862,3.356,2.45,,,
ASRUSDT,2.421,,,,2.03,2.421,,,
CELOUSDT,1.0556,1.0552,1.0562,1.0562,,1.0562,,,1.0562
RIFUSDT,0.1524,,,0.075,0.1544,0.1522,,,
BTCSTUSDT,0.0,,,,,,,,
TRUUSDT,0.1478,0.14767,,0.148007,0.17389,0.147833,,,
CKBUSDT,0.017351,0.017348,,0.017358,,0.017373,0.017456,,
TWTUSDT,1.5141,1.5145,1.5159,,,1.5123,,,
FIROUSDT,1.816,,,1.8215,,,1.8091,,
LITUSDT,1.214,1.2121,,,,1.212,,,
SFPUSDT,0.8449,0.8445,,,,0.8444,0.8494,,
DODOUSDT,0.2089,0.2087,,0.2101,,0.2088,,,
CAKEUSDT,4.005,4.004,4.0083,4.0025,4.087,4.005,4.028,4.005,
ACMUSDT,2.025,,,,2.0498,2.021,,,
BADGERUSDT,4.522,,,4.5242,4.386,4.519,,,4.528
FISUSDT,0.4746,,,0.478,,0.4738,0.9999,,
OMUSDT,3.9543,3.95532,,,3.94859,3.9526,3.9599,,3.9642
PONDUSDT,0.0254,0.025366,,0.025539,,0.02535,,0.0115,
DEGOUSDT,3.332,3.3319,,,2.608,,3.3537,,
ALICEUSDT,1.856,1.856,,1.8566,1.818,1.856,1.8673,,
LINAUSDT,0.007621,0.007619,,0.00764,,0.007623,0.007663,,
PERPUSDT,1.1586,1.1578,1.1594,1.1602,1.1688,1.1589,,,1.159
RAMPUSDT,0.0,,,,,,,,
SUPERUSDT,1.7507,1.752,,1.7533,1.7654,1.75,,,
CFXUSDT,0.2478,0.2478,,,,0.2478,,0.2479,0.2481
EPSUSDT,0.0,,,,,,,,
AUTOUSDT,0.0,,,,,,,,
TKOUSDT,0.4985,,,,,2.1483,,,
PUNDIXUSDT,0.646,0.6452,,0.6445,,0.6447,,0.472,
TLMUSDT,0.01891,0.01895,,0.018939,0.01674,0.01891,,,
1INCHUPUSDT,0.0,,,,,,,,
1INCHDOWNUSDT,0.0,,,,,,,,
BTGUSDT,0.0,,38.93,,,,,38.39,
MIRUSDT,0.0,,,,,,,,
BARUSDT,2.48,,,,2.333,2.475,1.654,,
FORTHUSDT,5.042,5.0391,,5.0551,,,,,5.049
BAKEUSDT,0.4198,,,0.4203,0.5999,0.4195,,,
BURGERUSDT,0.6479,0.6479,,,0.6479,0.648,,,
SLPUSDT,0.005551,0.005549,0.005565,,0.005566,0.005551,,0.00497,0.005561
SHIBUSDT,3.135e-05,3.1356e-05,3.13614e-05,3.137e-05,3.1382e-05,3.135e-05,3.148e-05,3.056e-05,3.1369e-05
ICPUSDT,15.0,14.996,15.0084,15.02,15.049,14.995,15.083,,15.005
ARUSDT,27.44,27.41,27.45,27.4581,,27.48,,,27.446
POLSUSDT,0.0,0.5178,,0.5222,0.5075,,,,
MDXUSDT,0.0,,,0.0129,,,,,
MASKUSDT,4.139,4.141,4.1419,4.1438,4.204,4.139,4.163,4.135,4.142
LPTUSDT,19.222,19.2116,,19.2148,17.66,19.22,,,19.248
NUUSDT,0.0,,,,,,,,
XVGUSDT,0.018559,,,0.018609,,,,,
ATAUSDT,0.1469,0.14669,,,,,,,
GTCUSDT,1.321,1.3184,,,1.424,1.3197,,,
TORNUSDT,0.0,,,16.4019,,,,,
KEEPUSDT,0.0,,,,,,,,
ERNUSDT,3.584,3.5771,,3.6009,3.6464,,,,3.596
KLAYUSDT,0.0,,,,,0.32622,,0.1954,
PHAUSDT,0.1857,0.1854,,0.18659,,,,,0.1858
BONDUSDT,0.0,1.734,,,1.68,1.7324,,,
MLNUSDT,22.62,,,22.9772,22.78,,,,22.62
DEXEUSDT,10.831,10.7753,,10.8793,,,,,
C98USDT,0.2692,0.2691,0.2694,0.2701,0.2714,0.2692,0.271,,
CLVUSDT,0.09131,0.09119,,0.0917,0.0893,,,,0.09148
QNTUSDT,145.1,145.089,145.2,,,145.12,145.93,145.2,
FLOWUSDT,1.198,1.1978,1.1989,1.1981,,1.1978,,,1.1987
TVKUSDT,0.0,,,,,,,,
MINAUSDT,0.918,0.9172,0.9193,0.9182,,0.9177,,,0.9183
RAYUSDT,5.091,5.0893,,,6.6858,5.09,,4.22,5.097
FARMUSDT,60.45,,,,65.4,,,,
ALPACAUSDT,0.2864,,,,0.2762,0.286,,,
QUICKUSDT,0.06511,0.06516,,0.065209,0.05934,0.06499,0.06546,,
MBOXUSDT,0.3145,,0.3152,0.3147,0.3348,0.3142,,,
FORUSDT,0.0,,,0.002649,,,,,
REQUSDT,0.149,0.149,,0.1508,0.1501,,,,
GHSTUSDT,1.372,,,1.3744,1.36,1.371,,,1.373
WAXPUSDT,0.06559,,0.06564,0.065942,,0.06557,,,0.06561
TRIBEUSDT,0.0,,,,,,,,
GNOUSDT,290.2,,,290.9959,,289.6,291.8,290.1,
XECUSDT,5.652e-05,5.651e-05,5.66e-05,5.656e-05,5.68e-05,,5.683e-05,,
ELFUSDT,0.609,0.6086,,0.6096,,0.6085,0.61235,,0.6101
DYDXUSDT,1.894,1.8942,1.894,1.8955,1.9,1.893,1.904,1.895,1.8936
POLYUSDT,0.0,,,,,,,,
IDEXUSDT,0.06337,,,0.0637,,0.0631,,,
VIDTUSDT,0.05428,0.05385,,,,,,,
USDPUSDT,0.9997,0.9951,,1.0105,,,,1.246,
GALAUSDT,0.06109,,0.06112,0.061136,0.06615,0.06107,,0.05724,0.06111
ILVUSDT,68.62,68.571,,,70.77,68.6,,,68.62
YGGUSDT,0.8153,0.8149,,0.8153,0.912,0.8152,,0.57,0.8156
SYSUSDT,0.1777,0.1773,,0.1779,,0.1775,,,
DFUSDT,0.04818,,,0.0489,,,,,
FIDAUSDT,0.3717,0.3715,0.3717,,1.116,0.3713,0.374,,
FRONTUSDT,0.0,,,,0.5499,,,0.4,
CVPUSDT,0.0,,,0.1174,0.3811,,,0.097,
AGLDUSDT,1.61,1.6068,1.6118,1.6096,4.028,1.609,,,1.6101
RADUSDT,1.756,,,1.7617,,1.754,,,
BETAUSDT,0.06096,,,,,0.06089,,,
RAREUSDT,0.1739,,,,,0.1738,,,
LAZIOUSDT,1.934,,,,2.45,1.931,,,
CHESSUSDT,0.2645,,,,,0.2642,,,
ADXUSDT,0.2439,0.24403,,0.2452,,,,0.24974,
AUCTIONUSDT,20.61,20.62,,20.6515,,20.65,,,20.633
DARUSDT,0.23536,0.2354,,,0.2281,0.23512,,,
BNXUSDT,0.7139,,,,0.6666,0.7136,,,
RGTUSDT,0.0,,,,,,,,
MOVRUSDT,19.254,19.2587,19.2729,19.3414,,19.251,,,19.274
CITYUSDT,2.378,,2.3818,,2.3,,,,2.391
ENSUSDT,42.02,42.03,42.064,42.0252,41.8,42.02,,31.71,42.054
KP3RUSDT,0.0,,,,25.52,26.85,,,26.96
QIUSDT,0.0251,0.025059,,,0.0264,,,,
PORTOUSDT,2.081,,,,1.75,2.079,,,
POWRUSDT,0.3474,,,0.3514,,0.347,,,
VGXUSDT,0.0,,,,0.0225,0.0131,,,
JASMYUSDT,0.05775,0.057646,0.057734,0.05765,,0.05765,,,
AMPUSDT,0.010986,0.010964,,0.010997,0.011065,0.010972,,,
PLAUSDT,0.0,,,,0.0776,,,,
PYRUSDT,4.275,4.2804,,4.2901,4.179,4.273,,,
RNDRUSDT,0.0,,,,,,,,
ALCXUSDT,27.21,,,,,,,,27.23
SANTOSUSDT,4.837,,,,4.8746,4.834,,,
MCUSDT,0.0,,,,,0.3724,,,
ANYUSDT,0.0,,,,,,,,
BICOUSDT,0.437,0.4366,0.4382,0.4374,0.5997,0.4368,,,0.4376
FLUXUSDT,0.8682,0.8663,,0.868,,0.8678,,0.8313,
FXSUSDT,4.663,4.659,4.665,4.6649,7.038,4.658,4.69,4.657,4.667
VOXELUSDT,0.2725,0.272,,0.2724,0.2769,0.272,0.273,,
HIGHUSDT,2.269,2.273,,,2.1775,2.263,2.2814,,
CVXUSDT,6.784,6.7837,,6.7952,7.202,6.768,6.828,6.776,6.798
PEOPLEUSDT,0.07255,0.07252,0.0726,0.072504,0.07243,0.07257,,,0.07261
OOKIUSDT,0.0,,,,0.000168,,,,
SPELLUSDT,0.0011806,,0.0011823,0.001183,0.001059,0.0011805,,,
USTUSDT,0.0,,,,,,,,
JOEUSDT,0.617,,,0.6171,,0.6167,,,0.6175
ACHUSDT,0.03825,0.038198,0.038264,0.038213,,0.03824,0.03843,,0.03826
IMXUSDT,2.147,2.1468,2.14831,2.1479,2.1647,2.147,2.1597,2.148,2.1485
GLMRUSDT,0.3817,0.3816,0.3819,0.3821,,0.379,,,0.3827
LOKAUSDT,0.3042,0.3037,,0.3045,0.3199,0.3038,0.3059,,
SCRTUSDT,0.7033,0.7021,0.7042,0.7075,,,,,
API3USDT,2.557,2.5542,,2.5604,2.0301,2.556,,,2.559
BTTCUSDT,1.57e-06,,,,,,,,
ACAUSDT,0.1184,,0.1187,0.1185,,0.1181,,,0.11823
ANCUSDT,0.0,,,,,,,,
XNOUSDT,2.138,2.1315,,0.000113,,,,,2.1899
WOOUSDT,0.36,0.35962,0.36015,0.35936,0.3555,0.3601,0.36118,0.3593,0.3602
ALPINEUSDT,1.706,1.702,,,1.7,1.703,,,
TUSDT,0.03749,0.03746,0.03745,0.0375,0.03955,0.03744,,0.03746,0.03754
ASTRUSDT,0.0891,0.08912,,0.089203,0.08933,0.0891,,,0.08918
NBTUSDT,0.0,,,,,,,,
GMTUSDT,0.2461,0.2458,0.2461,0.2462,0.2861,0.2458,,,0.2462
KDAUSDT,1.7231,1.7212,1.7234,,,1.7202,,,1.7213
APEUSDT,1.919,1.9182,1.9201,1.9245,2.015,1.919,1.9296,1.938,1.9212
BSWUSDT,0.1039,0.1039,,,,0.1039,,,
BIFIUSDT,388.0,0.003591,,,,,,,
MULTIUSDT,0.0,,,,,,,,
STEEMUSDT,0.3037,,,0.304,0.30404,,,0.3041,
MOBUSDT,0.0,,,,,,,,
NEXOUSDT,1.502,,1.5051,1.5079,1.5201,1.503,,1.5057,
REIUSDT,0.08666,,,0.087232,,,,,
GALUSDT,0.0,,,,,,,,
LDOUSDT,2.137,2.1384,2.1388,2.1375,2.151,2.138,2.1507,2.14,2.1402
EPXUSDT,0.0,3.8e-05,,,0.0,,,,
OPUSDT,2.599,2.598,2.5998,2.5996,2.6041,2.598,2.6134,2.6,2.6006
LEVERUSDT,0.002842,,0.002845,,,0.002838,,,
STGUSDT,0.4377,0.4372,0.4378,0.4393,0.4386,0.4373,,,
LUNCUSDT,0.00017406,0.00017483,0.00017531,0.00017379,0.000165,0.0001739,,,0.00017407
GMXUSDT,37.15,37.13,37.22,37.0755,40.27,37.13,37.35,29.51,37.14
NEBLUSDT,0.0,,,,,,,,
POLYXUSDT,0.4086,0.4085,,0.4089,,0.4087,,,
APTUSDT,14.21,14.2166,14.2204,14.2199,14.302,14.21,14.291,14.19,14.222
OSMOUSDT,0.7306,0.7313,,0.7318,1.0,0.7303,,,
HFTUSDT,0.2974,0.2973,0.2975,0.2976,0.5049,0.2971,0.2991,,
PHBUSDT,2.482,,,2.4879,,2.478,,,
HOOKUSDT,0.6944,,0.694,,,0.6929,0.6981,,
MAGICUSDT,0.6655,0.6648,0.666,0.6658,,0.6654,,,0.6662
HIFIUSDT,0.7998,0.7993,,0.8013,0.821,0.7986,,,
RPLUSDT,17.51,17.51,17.5516,17.5288,17.65,17.508,17.61,17.53,17.56
PROSUSDT,0.7533,,,,,,,,
AGIXUSDT,0.0,,,,0.0,,,0.832,
GNSUSDT,2.863,2.861,,2.8763,5.699,2.86,2.882,,
SYNUSDT,0.9043,0.9015,,0.9104,,0.904,,,
VIBUSDT,0.09555,,,,,0.09542,,,
SSVUSDT,33.67,33.66,33.7,33.6814,18.98,33.66,33.87,32.0,33.68
LQTYUSDT,1.831,1.8303,,1.8314,1.4999,1.83,,,1.8331
AMBUSDT,0.01072,0.01069,,,,,,0.010658,
BETHUSDT,0.0,,,3912.99,,,,,3893.0
USTCUSDT,0.03031,0.03027,0.03045,0.0303,,0.03026,,,0.03041
GASUSDT,6.837,6.8346,,6.835,6.922,6.834,,6.83,6.839
GLMUSDT,0.5224,0.5217,,0.5228,0.0961,0.5224,,,0.5228
PROMUSDT,7.321,7.304,,7.3453,,7.317,,,
QKCUSDT,0.013254,0.01314,,,,0.013236,,,
UFTUSDT,0.3755,,,0.3771,,,0.3657,0.3001,
IDUSDT,0.6819,0.6814,0.68207,0.684,0.6843,0.6815,0.6853,,0.6821
ARBUSDT,1.1484,1.1487,1.149,1.1493,1.154,1.148,1.155,1.12,1.1494
LOOMUSDT,0.0,0.08046,,,0.09062,0.08026,,,
OAXUSDT,0.082,,,,,0.0831,,,
RDNTUSDT,0.1022,0.1023,0.1024,0.1142,0.1049,0.10215,0.10281,,0.10232
WBTCUSDT,100644.63,100518.1,100837.03,,,100641.3,,100650.0,100791.6
EDUUSDT,0.7406,0.738,,,,,0.7445,,
SUIUSDT,4.2378,4.239,4.2398,4.2398,4.2598,4.2395,4.2601,4.2493,4.2382
AERGOUSDT,0.1518,0.15158,,,0.0,0.1514,,,0.15191
PEPEUSDT,2.181e-05,2.181e-05,2.1824e-05,2.1805653e-05,2.18342e-05,2.181e-05,2.1847e-05,,2.1822e-05
FLOKIUSDT,0.00023851,0.0002385,0.000238609,0.00023863,0.00023872,0.0002385,0.0002388,,0.00023854
ASTUSDT,0.1285,,,,,,,,
SNTUSDT,0.06875,,,0.069122,0.06927,0.06869,,0.07177,0.06874
COMBOUSDT,0.6417,0.6356,,,,0.6412,,,
MAVUSDT,0.3118,0.3118,,,0.3034,0.3116,,,
PENDLEUSDT,6.449,6.4461,6.4501,6.4451,6.5016,6.448,6.488,,6.451
ARKMUSDT,2.577,2.577,2.58084,2.5862,,2.578,2.5919,,2.581
WBETHUSDT,4109.89,,,,,,,,
WLDUSDT,3.878,3.8743,3.8794,3.874,3.89,3.876,3.8944,3.88,3.883
FDUSDUSDT,0.9981,,,,,0.9967,,0.9901,
SEIUSDT,0.7272,0.7272,0.7276,0.7271,,0.7276,,,
CYBERUSDT,5.281,5.274,5.2847,5.2803,,5.273,,,
ARKUSDT,0.7869,,,,,0.7871,,0.6493,
CREAMUSDT,21.97,21.791,,,,,,,
GFTUSDT,0.0,,,,0.0025,0.00671,,,
IQUSDT,0.009265,,,,,0.009252,,,0.00928
NTRNUSDT,0.6442,0.643,,,,0.6438,,,
TIAUSDT,8.606,8.6007,8.6118,8.6105,,8.607,8.644,,8.611
MEMEUSDT,0.0169,0.016901,0.016918,0.016906,,,0.016919,,0.016917
ORDIUSDT,47.6,47.62,47.64,47.5391,50.263,47.61,47.838,47.62,47.641
BEAMXUSDT,0.03233,,,0.032369,,,,,
PIVXUSDT,0.3768,,,,,,,,
VICUSDT,0.5321,,0.533,0.5344,,0.533,0.5325,0.3492,
BLURUSDT,0.4341,0.4342,0.43441,0.4341,0.4248,0.434,0.43657,,0.4344
VANRYUSDT,0.1743,0.17408,0.17446,,,0.1741,0.17443,,
AEURUSDT,1.055,,,,,,,,
JTOUSDT,3.69,3.688,3.69148,3.6917,3.72,3.688,,,3.692
1000SATSUSDT,0.0003053,,,,,,,,
BONKUSDT,4.33e-05,4.3286e-05,4.33064e-05,4.33399e-05,4.4778e-05,4.329e-05,4.351e-05,,4.3307e-05
ACEUSDT,3.471,0.006555,,3.4751,3.51,3.47,,,3.472
NFPUSDT,0.4302,0.4292,,,0.5997,0.4303,,,
AIUSDT,0.8317,,,0.8314,0.00078,,1.0016e-05,,
XAIUSDT,0.4217,0.421,0.4219,,,0.4212,0.4244,,
MANTAUSDT,1.272,1.272,1.2731,1.2728,,1.2713,1.27937,,
ALTUSDT,0.19148,,0.19155,0.1931,0.25,,,,
JUPUSDT,1.3554,1.3551,1.3558,1.3558,1.3657,1.3547,1.3626,,1.3561
PYTHUSDT,0.5292,0.52914,0.52943,0.529891,,0.5292,,,0.5294
RONINUSDT,2.273,,,2.2784,,,,,
DYMUSDT,2.554,2.5525,2.5547,2.561,,2.5548,,,
PIXELUSDT,0.2818,0.28191,,0.2851,0.2837,0.2816,,,0.2821
STRKUSDT,0.7438,0.74361,0.7439,0.7449,0.767,0.744,0.7478,,0.7442
PORTALUSDT,0.5403,0.5404,0.5407,0.5413,0.542,0.5402,,,
PDAUSDT,0.06107,,,0.0619,,,,,
AXLUSDT,1.0756,,1.0759,,,,,,
WIFUSDT,3.319,3.3186,3.321,3.3206,3.3633,3.32,3.341,,3.321
METISUSDT,66.38,66.31,,66.8602,118.99,66.44,66.54,,66.47
AEVOUSDT,0.5623,0.562,0.5628,0.5644,0.562,0.5629,0.5656,,0.5629
BOMEUSDT,0.010123,0.01012,0.010127,0.010124,0.0101762,0.01012,0.0101786,,0.010133
ETHFIUSDT,2.773,2.772,2.774,2.7723,2.9996,2.7729,2.788,,2.774
ENAUSDT,0.9572,0.9563,0.9564,0.95689,1.0002,0.9566,0.9621,,
WUSDT,0.3936,0.3935,0.3936,0.394,,0.3933,0.3957,,0.3938
TNSRUSDT,0.6978,0.6978,0.6982,0.6982,0.7018,0.6983,0.701,,0.6982
SAGAUSDT,2.6925,,,2.6926,,2.6916,,,
TAOUSDT,720.6,720.24,,,,720.3,,,
OMNIUSDT,13.86,13.855,13.879,13.874,,,13.94,,
REZUSDT,0.06112,0.0611,,0.0613,,0.0611,0.0614,,
BBUSDT,0.4589,0.4584,0.4588,0.4587,,0.4588,0.46128,4.75e-11,
NOTUSDT,0.00971,0.0097092,0.009713,,,0.00971,0.009762,,0.009714
IOUSDT,3.397,3.3974,3.4,3.3991,,3.397,3.407,,
ZKUSDT,0.2329,0.2329,0.2332,0.2564,0.285,1.487,1.215,,0.2333
LISTAUSDT,0.6137,0.6128,,,,0.6134,0.6176,,
ZROUSDT,6.496,6.4917,6.4983,6.5087,6.775,6.495,6.533,,6.5
GUSDT,0.04025,0.04027,0.04027,0.04048,0.0335,0.0402,0.0404,,0.0403
BANANAUSDT,59.12,59.13,,59.1742,40.777,59.14,59.19,,59.12
RENDERUSDT,10.101,10.099,10.108,10.1101,10.6584,10.096,10.11,9.477,10.108
TONUSDT,6.932,6.9309,6.933,6.9319,,,7.074,6.933,6.933
DOGSUSDT,0.0008232,0.000823,0.0008233,,,0.000823,0.000828,,0.0008232
EURIUSDT,1.0554,,,,,,,,
SLFUSDT,0.5116,0.511,,0.5149,,0.5107,,,
POLUSDT,0.7051,0.7049,0.7053,0.7063,0.70777,0.7052,0.709431,0.718,0.7055
NEIROUSDT,0.00180695,0.0806,0.0808,0.00546,0.015,0.0806,0.08116,,0.0018077
TURBOUSDT,0.008741,0.008743,,0.0087405,0.0018736,0.00874,0.0085664,,0.0087462
1MBABYDOGEUSDT,0.0024971,,,,,,,,
CATIUSDT,0.5818,0.58135,0.582,,,0.5815,0.585,,0.5821
HMSTRUSDT,0.004437,0.004437,0.00444,,,0.004437,0.00446,,0.004441
EIGENUSDT,3.931,3.9308,3.933,3.9369,3.893,3.931,3.953,,3.935
SCRUSDT,0.95,0.9503,0.9517,0.9516,,0.951,0.9568,,0.9529
BNSOLUSDT,242.8,,,,,,,,
LUMIAUSDT,2.182,2.177,,,,2.174,,,
KAIAUSDT,0.3266,0.3264,0.327,0.3275,2.82e-05,,,,0.3267
COWUSDT,0.4772,0.4773,,0.4779,,0.4771,,8e-06,
CETUSUSDT,0.4407,0.44009,,0.4412,,0.4405,,,0.44068
PNUTUSDT,1.4066,1.4069,1.4072,1.4073,,1.4071,1.41454,,1.4078
ACTUSDT,0.6063,,,,0.58377,0.6062,0.609432,,0.6071
USUALUSDT,0.3926,,,,,,,,
THEUSDT,2.4766,,,,,,,,
1CATUSDT,,0.002505,,0.00252,,0.002492,,,
AAUSDT,,0.2315,,,,,,,
AAVE3LUSDT,,0.80496451,,,,,,,
AAVE3SUSDT,,0.005768,,,,,,,
ABBCUSDT,,0.00571,,0.00586,,,,,
ACQUSDT,,0.010837,,,,,,,
ACSUSDT,,0.0020906,0.0020983,0.0021,,,,,
ACTSOLUSDT,,0.60615,,0.60783,,,,,
ADA3LUSDT,,0.085191,,,,,,,
ADA3SUSDT,,0.3729,,,,,,,
ADSUSDT,,0.3483,,,,,,,
AEGUSDT,,0.01118,0.01119,,,,,,
AEROUSDT,,1.89,,,,1.895,,,
AFGUSDT,,0.00693,0.0069,,,,,,
AIEPKUSDT,,0.006273,,,,,,,
AIOZUSDT,,1.17443,1.1789,1.1802,,,,,
AIPADUSDT,,0.09965,,,,,,,
AITECHUSDT,,0.14102,,0.14158,0.13499,0.14125,0.1422,0.141477,
AKTUSDT,,4.529,,4.5425,,,4.49815,,
ALEPHUSDT,,0.1944,,,,,,,
ALEXUSDT,,0.1456,,,,0.14503,,,
AMPLUSDT,,1.381,,,,,,,
AMUUSDT,,0.0057,,0.0057,,,,,
ANALOSUSDT,,4.41e-05,,4.45e-05,6.1e-05,,,,
ANYONEUSDT,,2.052,,,4.9999,2.0518,,,
AOGUSDT,,0.00492,,,,,,,
APE3LUSDT,,0.7874,,,,,,,
APE3SUSDT,,0.2873,,,,,,,
APPUSDT,,0.008722,0.008877,,,,,,
ARB3LUSDT,,0.010693,,,,,,,
ARB3SUSDT,,0.002694,,,,,,,
ARCAUSDT,,0.02552,,,,0.02519,,,
ARCUSDT,,0.0458,,,,,,,
ARTFIUSDT,,0.01705,,,,0.016875,,,
ARTYUSDT,,1.2885,1.2941,1.3385,,1.39011,,,1.2986
ARXUSDT,,0.001035,,,,,,0.001039,
ASIUSDT,,0.04295,,,,0.0431,,,
ATHUSDT,,0.07993,0.079945,0.08005,,0.07989,0.08009,0.07825,0.08
ATOM3LUSDT,,0.213943,,,,,,,
ATOM3SUSDT,,2.192,,,,,,,
AURORAUSDT,,0.276,0.277,0.2787,,0.276,,,
AURYUSDT,,0.3123,0.3129,0.3151,,,,,
AVAAIUSDT,,0.04874,,,,,,,
AVAILUSDT,,0.151422,0.15162,0.15221,,0.1512,,,
AVAX3LUSDT,,0.59739744,,,,,,,
AVAX3SUSDT,,0.0342,,,,,,,
AZEROUSDT,,0.6265,,0.628,,0.6276,,,
BABYBNBUSDT,,0.0103,,,,,,,
BABYDOGEUSDT,,2.492e-09,2.497e-09,2.492e-09,1.339e-09,2.494e-09,,2.641e-09,2.479e-09
BAKEDOWNUSDT,,3.082e-05,,,,,,,
BAKEUPUSDT,,0.069645,,,,,,,
BANUSDT,,0.1448,0.145,0.14503,0.1478,0.1448,0.146381,,
BAXUSDT,,0.00013728,,,,,,,
BBLUSDT,,0.00902,0.00867,0.00875,,0.00461,,,
BCH3LUSDT,,13.683399,,,,,,,
BCH3SUSDT,,0.092,,,,,,,
BCUTUSDT,,0.11899,0.1188,,,,,,
BDXUSDT,,0.07862,,,,,,,
BEATUSDT,,0.00308,,,,,,,
BEERUSDT,,1.3495e-05,,1.366e-05,,1.357e-05,,,
BEFIUSDT,,0.03262,,,,0.03255,,,
BEPROUSDT,,0.0008659,,,,,0.0008797,,
BFCUSDT,,0.05666,,0.05779,,,,,
BIDPUSDT,,0.0002217,,,,,,,
BIGTIMEUSDT,,0.22773,,,0.2092,0.22751,0.21429,,0.22793
BLASTUSDT,,0.012752,0.012765,0.012954,0.01266,0.01275,0.01218,3.88e-09,
BLOCKUSDT,,0.0269,0.0271,,,,,,
BLOKUSDT,,0.001245,,,,0.001243,,,
BMXUSDT,,0.2985,,,,,,,
BNB3LUSDT,,0.3884,,,,,,,
BNB3SUSDT,,0.00035574,,,,,,,
BNCUSDT,,0.3316,,,,,,,
BNUSDT,,0.003607,,,,,,,
BOBAUSDT,,0.33023,0.33036,0.33046,0.3242,,,,
BOBUSDT,,3.5411e-05,3.538e-05,3.561e-05,2.614e-05,,3.566e-05,,
BONDLYUSDT,,0.002486,,,,,,,
BOSONUSDT,,0.4449,,0.4484,,,,,
BRAWLUSDT,,0.0005233,0.0005239,,,,,,
BRETTUSDT,,0.19997,0.20012,0.20029,0.20257,0.1999,0.20162,,
BRISEUSDT,,1.376e-07,,1.376e-07,1.387e-07,,1.3314e-07,,
BRWLUSDT,,0.002677,,0.002769,,,,,
BTC3LUSDT,,0.015667,9.0192,,,,,,
BTC3SUSDT,,0.0003474,0.0216,,,,,,
BTFUSDT,,0.14142,,0.1427,,,,,
CANDYUSDT,,0.00038,,,,,,0.000157,
CARVUSDT,,1.1192,1.12,1.124,1.1,1.1186,,,
CASUSDT,,0.004823,,,,,,,
CATSUSDT,,3.809e-05,3.83e-05,,,3.83e-05,,,
CATUSDT,,5.5367e-05,0.000621,5.52e-05,0.00036,,5.536e-05,5.9999e-05,5.5096e-05
CCDUSDT,,0.003823,,,,,0.00381,,
CEEKUSDT,,0.0499,,0.0531,,0.05016,,0.041037,
CEREUSDT,,0.005405,,0.005426,,,,,
CFGUSDT,,0.4595,,,,,,,0.4592
CGPTUSDT,,0.22898,0.22994,0.23072,0.2306,0.22872,0.222591,0.26078,
CHILLGUYUSDT,,0.4579,0.4582,,0.4782,0.4583,0.46445,,
CHMBUSDT,,0.00019364,,,,,,,
CHOUSDT,,0.03004,,0.03071,,,,,
CIRUSUSDT,,0.0103,,,,,,,
CLHUSDT,,0.000891,,,,,,,
COOKIEUSDT,,0.05682,0.05711,,,0.0564,,,
COQUSDT,,2.608e-06,2.613e-06,2.62e-06,2.907e-06,2.607e-06,,,
CPOOLUSDT,,0.39534,0.39516,,,0.39559,0.377,,
CREDIUSDT,,0.02209,,,,,,,
CROSUSDT,,0.03308,,,,0.03307,,,
CROUSDT,,0.21407,,,,0.2139,0.20675,0.2072,0.21412
CSIXUSDT,,0.03171,,0.032269,,,,,
CSPRUSDT,,0.0221,0.02213,0.0222,,0.02208,0.0222,,0.022121
CTAUSDT,,0.04135,0.04159,0.0423,0.169,,,,
CTCUSDT,,2.3551,2.355843,2.364,0.88,2.3628,,,2.3484
CTIUSDT,,0.033737,,,,,,,
CTRLUSDT,,0.07945,,0.07998,,,,,
CWEBUSDT,,0.00584,,,,,,,
CWSUSDT,,0.2941,,,,,0.294,,
CXTUSDT,,0.145,,0.1445,,,0.144242,0.12289,0.1441
DAGUSDT,,0.076406,,,,,,,
DAOUSDT,,0.534,,0.5374,,0.535625,0.5254,,0.5354
DAPPUSDT,,0.1608,0.1662,,,0.1658,,,
DAPPXUSDT,,0.00541,,,,,,,
DBRUSDT,,0.027713,0.02778,0.02776,,0.02772,,,
DCKUSDT,,0.04377,,0.04412,,0.04372,,,
DCUSDT,,0.0003956,,0.000401,0.001785,,0.0011476,,
DECHATUSDT,,0.1802,0.1801,0.1813,,,,,
DEEPUSDT,,0.078797,0.078679,,,,,,
DEFIUSDT,,0.0333,0.0336,,,0.03311,,,
DEGENUSDT,,0.0188,0.01882,0.018855,0.018367,,0.019042,,0.018826
DFIUSDT,,0.018,,0.0183,,0.01804,,,
DFYNUSDT,,0.00905,,,,,,,
DMAILUSDT,,0.3697,0.3687,,,0.3675,,,
DMTRUSDT,,0.1338,,,,0.1395,,,
DOAIUSDT,,0.004421,,,,,,,
DOGE3LUSDT,,7.9844,,,,,,,
DOGE3SUSDT,,0.000824,,,,,,,
DOPUSDT,,0.002864,,0.002891,,,,,
DOT3LUSDT,,1.1567,,,,,,,
DOT3SUSDT,,9.807e-05,,,,,,,
DOVIUSDT,,0.08296,,0.0828,0.2997,,,,
DPETUSDT,,0.02807,,,,,,,
DPRUSDT,,0.003543,,,,,,,
DREAMSUSDT,,0.000918,,,,,,,
DRIFTUSDT,,1.6607,1.6619,1.6639,1.6255,1.6612,1.627,,
DVPNUSDT,,0.0012461,,,,,0.001261,,
DYDXDOWNUSDT,,0.0047,,,,,,,
DYDXUPUSDT,,0.04421,,,,,,,
DYPUSDT,,0.03417,,0.0352,0.0,,,,
E4CUSDT,,0.08762,,,,,,,
EGOUSDT,,0.02578,0.0258,,,0.02561,,,
EGPUSDT,,3.9806,,4.0188,,3.9977,,,
ELAUSDT,,3.1263,,3.1567,,3.1318,,2.6,
ELONUSDT,,2.435e-07,,2.43e-07,,2.432e-07,2.4585e-07,2.389e-07,2.436e-07
EPIKUSDT,,0.010362,,0.010381,,0.01599,,0.01585,
EQXUSDT,,0.003448,,,,,,,
ERGUSDT,,2.0923,,2.1089,,,,2.0758,
ERTHAUSDT,,0.001921,0.001936,0.00194,,,,,
ESEUSDT,,0.0353,0.03519,,,,,,
ETH3LUSDT,,0.0007742,2.406,,,,,,
ETH3SUSDT,,0.1143,0.00493,,,,,,
ETHWUSDT,,4.8167,4.8225,4.8328,4.854,4.816,4.711,,4.826
ETNUSDT,,0.004571,,0.004582,,,,0.019,
EULUSDT,,4.026,,4.0838,,,,,
EVERUSDT,,0.02703,0.02729,0.027299,,,,,
EWTUSDT,,1.906,,,,,,,
FCONUSDT,,0.00022034,,,,,,,
FEARUSDT,,0.12852,,,,,,,
FINCUSDT,,0.05618,,,,,,,
FIREUSDT,,0.9328,0.9338,,1.6598,0.9289,,,
FITFIUSDT,,0.004531,0.004518,0.004529,0.0047,0.004499,,,
FLAMEUSDT,,0.0371,,,,,0.03726,,
FLIPUSDT,,1.7218,1.7241,,2.5,,,,
FLRUSDT,,0.03339,0.0334,0.0335,0.03345,,,0.03898,0.03341
FORTUSDT,,0.1559,0.1565,,,0.1559,,,
FORWARDUSDT,,0.001988,,,,,0.001998,,
FOXYUSDT,,0.0144469,0.014482,,,,,,0.0144869
FREDUSDT,,0.0897,,,0.000272,0.09,,,
FRMUSDT,,0.01601,,,,,0.015444,,
FTM3LUSDT,,15.9229,,,,,,,
FTM3SUSDT,,0.1307,,,,,,,
FTONUSDT,,0.005408,,,,,,,
FTUSDT,,0.36,,,,,,,
FURYUSDT,,0.14251,,0.14279,,0.14312,,,
FXUSDT,,0.1712,,,,,,9.2e-05,
G3USDT,,0.06606,0.06657,,,,,,
GAFIUSDT,,4.651,,,,,,,
GALAX3LUSDT,,0.0566367,,,,,,,
GALAX3SUSDT,,0.001709,,,,,,,
GALAXUSDT,,0.06107,,,,,,,
GAMEUSDT,,0.011901,,0.006136,,,,,
GARIUSDT,,0.01299,,0.013163,,,,,
GEEQUSDT,,0.09069,,,0.0349,,0.09402,,
GGGUSDT,,0.05647,,,,,,,
GHXUSDT,,0.1239,,,,0.1241,,,
GIGAUSDT,,0.05728,,,,,,,
GLQUSDT,,0.1197,,,,0.1194,,,
GMEEUSDT,,0.015406,,0.015264,0.02199,0.01527,,,
GMMUSDT,,0.0001902,,,,,,,
GMRXUSDT,,0.001165,0.001175,,,,,,
GMT3LUSDT,,0.01941497,,,,,,,
GMT3SUSDT,,0.0,,,,,,,
GOALUSDT,,0.0414,,,,,,,0.04155
GOATSUSDT,,0.002376,,,,0.002229,,,
GOATUSDT,,0.801,0.8016,0.8015,0.793,0.8011,0.800222,,
GODLUSDT,,0.007128,,,,0.00712,,,
GODSUSDT,,0.2805,0.28093,0.2829,0.0699,0.2806,,,0.2815
GRAILUSDT,,1436.36,,1475.89,,1451.26,,,
GRASSUSDT,,3.0419,3.0458,3.0502,3.246,3.0435,,,
GSTUSDT,,0.02723,0.0275,,,0.02738,,,
GTAIUSDT,,1.1455,1.1484,1.1508,1.7347,1.144,1.1569,1.1016,
GTTUSDT,,0.0001336,,,,,,,
H2OUSDT,,0.161,,0.163008,,,,,
HAIUSDT,,0.06124,,,,,,,
HALOUSDT,,0.00872,,,,0.00888,,,
HAPIUSDT,,13.8326,,,,,13.5,,
HAPPYUSDT,,0.010369,,,,0.010382,,,
HBBUSDT,,0.0809,,0.0813,,,,,
HEARTUSDT,,0.030336,,,,,,,
HIPPOUSDT,,0.016549,,0.016713,0.01662,0.01657,0.01674,,
HIPUSDT,,0.00445,,,,,,,
HLGUSDT,,0.00143,0.001442,,,0.00178,,,
HMNDUSDT,,0.12836,,,,,,,
HOTCROSSUSDT,,0.017818,,,,,,,
HSKUSDT,,1.2633,,,,,,,
HTRUSDT,,0.10493,,,,,0.1062,,
HTXUSDT,,3.005e-06,3.024e-06,3.022e-06,3.058e-06,3.02e-06,3.0094e-06,2.5e-06,
HYDRAUSDT,,0.449,,,,,,,
HYVEUSDT,,0.01592,,,,,,0.0138,
ICEUSDT,,0.00729,,0.007282,,0.007267,0.007136,0.007275,0.007253
ID3LUSDT,,0.004643,,,,,,,
ID3SUSDT,,0.000464,,,,,,,
IDEAUSDT,,0.002089,,,,,,0.01,
IGUUSDT,,0.00876,,0.008847,0.0087,,,,
INJDOWNUSDT,,0.2054,,,,,,,
INJUPUSDT,,0.5175,,,,,,,
INSPUSDT,,0.05101,0.05188,,,,,,
IOIUSDT,,0.02171,,,,,,,
IRLUSDT,,0.02209,0.02219,,,,,,
ISLMUSDT,,0.06769,,,,,,,
ISMEUSDT,,0.00225,,,,,,,
ISPUSDT,,0.0018504,,,,,,0.0014597,
ISSPUSDT,,9.73e-05,,,,,,,
IZIUSDT,,0.00872,0.008843,,,,,,
JAMUSDT,,0.0007882,,,,,0.000725,,
JASMY3LUSDT,,0.00120422,,,,,,,
JASMY3SUSDT,,1.012e-05,,,,,,,
KACEUSDT,,3.4787,,,,,,,
KAGIUSDT,,0.26352,,,,,,,
KAIUSDT,,0.0036386,,,0.8699,,1.3109e-08,,
KALTUSDT,,0.19121,,,,,,,
KARATEUSDT,,0.0008272,0.00083,,,,,,
KARRATUSDT,,0.7042,,,,,,,
KASDOWNUSDT,,0.002871,,,,,,,
KASUPUSDT,,0.4877,,,,,,,
KASUSDT,,0.16196,0.16195,,0.16452,0.162,,0.18,
KCSUSDT,,13.368,13.3809,,6.66,,,13.351,
KIMAUSDT,,0.84,,,,,,,
KLVUSDT,,0.006849,,0.006872,0.00726,0.006862,,0.00545,
KMNOUSDT,,0.174639,0.17487,,,0.17475,,,
KNGLUSDT,,0.1945,,,,,,,
KPOLUSDT,,0.003544,,,,,,,
KRLUSDT,,0.73491,,,,,,,
L3USDT,,0.12264,0.1229,0.1231,0.1183,0.12258,0.12284,,
LADYSUSDT,,1.148e-07,1.1506e-07,1.153e-07,4.97e-08,1.148e-07,1.0957e-07,,
LAIUSDT,,0.01998,0.02006,0.020104,,0.0201,,,
LAY3RUSDT,,0.201,,,,,,,
LAYERUSDT,,0.05276,,,,,,,
LBPUSDT,,0.0003607,,0.0003575,,,,,
LBRUSDT,,0.1238,,,,0.1244,,,0.12476
LENDSUSDT,,0.00581,0.00569,,,,,,
LFTUSDT,,0.0182,0.01839,,,,,,
LIKEUSDT,,0.05391,,0.054768,,,0.054458,,
LINK3LUSDT,,6.9021,,,,,,,
LINK3SUSDT,,0.3073,,,,,,,
LITHUSDT,,0.0004844,,0.00049,,,,,
LKIUSDT,,0.026492,,,,,,,
LLUSDT,,0.0518,0.05209,,2.18e-09,,,,
LMRUSDT,,0.023775,,,,,,,
LMWRUSDT,,0.3809,0.38166,0.3824,0.3262,0.38084,,,
LOCUSUSDT,,0.02124,,,,,,,
LOGXUSDT,,0.046,,0.0462,,0.046,,,
LOOKSUSDT,,0.0665,0.0666,0.0666,0.05,0.06644,0.06428,,0.06657
LPOOLUSDT,,0.05931,,,,,,,
LRDSUSDT,,0.7176,,0.7241,1.0811,,,,
LSDUSDT,,0.9495,,0.001983,,,,,
LSSUSDT,,0.10113,,,,,,,
LTC3LUSDT,,8.4617,,,,,,,
LTC3SUSDT,,4.914e-05,,,,,,,
LUCEUSDT,,0.12497,0.12537,0.12562,0.10033,0.1252,0.126254,,
LUNCDOWNUSDT,,0.4199,,,,,,,
LUNCUPUSDT,,0.077331,,,,,,,
LYMUSDT,,0.0007901,,,,,,,
LYXUSDT,,3.4023,,,,3.5832,,,
MAHAUSDT,,0.973,,,,,1.001,,
MAJORUSDT,,1.1339,1.135,,,,,,1.1353
MAKUSDT,,0.03032,0.03026,,,0.0301,,,
MANA3LUSDT,,0.01785301,,,,,,,
MANA3SUSDT,,0.6293,,,,,,,
MANEKIUSDT,,0.00899,,0.009023,0.00908,0.009,0.009091,,
MANUSDT,,0.037274,,,,,,,
MAPOUSDT,,0.012727,,0.012739,,0.012651,,,
MARS4USDT,,0.0006432,,,,,,,
MARSHUSDT,,0.12292,,,,,0.1262,,
MASAUSDT,,0.14583,0.14632,0.14655,,0.14567,,,
MAVIAUSDT,,2.2002,2.2058,2.2116,2.21,2.2018,2.2126,2.1585,
MAXUSDT,,0.28716,,,,0.345,,,0.28756
MELOSUSDT,,0.0022731,0.002294,,,,,,
MEMEFIUSDT,,0.00971,0.009722,0.009735,,0.009709,,,0.009726
MERLUSDT,,0.4949,0.4958,0.496,0.5168,0.49449,0.4764,,0.4953
MEWUSDT,,0.009534,0.009538,0.009533,0.010999,0.009537,0.009368,0.007642,0.00954
MGTUSDT,,0.03627,,,,0.0363,,,
MICHIUSDT,,0.3017,,0.3027,0.45,,,,
MIGGLESUSDT,,0.105,,,0.09179,0.10475,0.106722,,
MINDUSDT,,0.002416,,,,,,,
MJTUSDT,,0.01725,,,,,,,
MLKUSDT,,0.3153,0.3155,0.3219,,,,,
MNDEUSDT,,0.15989,,,0.2799,,,,
MNTUSDT,,1.1337,1.1343,1.1362,,,,1.69,
MNWUSDT,,0.5769,,,,,,,
MOBILEUSDT,,0.001294,,,0.004233,0.001296,,,
MOCAUSDT,,0.08907,0.08938,0.08935,0.12457,0.08915,,,
MOGUSDT,,2.489e-06,2.49e-06,2.4921e-06,3.3034e-07,2.49e-06,2.4995e-06,,
MONIUSDT,,0.00891,,,,,0.008751,,
MONUSDT,,0.1305,0.13092,0.1305,,0.1305,,,
MOODENGUSDT,,0.4789,,0.47961,0.51808,0.4781,0.476115,,0.47837
MORPHOUSDT,,2.3106,2.3071,,,2.3058,,,2.3086
MOXIEUSDT,,0.001376,,,,,,,
MPCUSDT,,0.0984,,,,,,,
MPLXUSDT,,0.3717,0.37207,0.3723,,,999999999.0,,
MTRGUSDT,,0.699,,,,,,,
MTSUSDT,,0.007136,,,,,,,
MTVUSDT,,0.0010911,,,,,,,
MUBIUSDT,,0.0443,,0.0445,0.0478,0.04422,0.0436,,
MVUSDT,,0.01625,0.016258,,,0.01616,,,
MXCUSDT,,0.00688,,0.007487,,0.006882,,,0.006892
MXMUSDT,,0.01394,0.01413,,,,,,
MYRIAUSDT,,0.004162,0.004154,,,0.004156,,,
MYROUSDT,,0.13141,0.1314,0.131608,0.14444,0.1313,0.127634,,
NAKAUSDT,,1.6522,1.6563,1.6538,1.6657,1.6534,,,
NATIXUSDT,,0.001285,,,,,,,
NAVIUSDT,,0.2394,,,,0.2374,,1.623e-05,
NAVXUSDT,,0.15689,0.157,0.15739,0.0835,0.15694,,,
NAYMUSDT,,0.022,,,,,,,
NEAR3LUSDT,,0.02624068,,,,,,,
NEAR3SUSDT,,0.00072,,,,,,,
NEIROCTOUSDT,,0.0018059,0.0018092,0.00180392,0.00238999,0.0018069,,,
NEONUSDT,,0.559,0.55932,,,,,,
NETVRUSDT,,0.12415,,,,,,,
NEXGUSDT,,0.00071,,0.00071,,,,,
NFTUSDT,,7.04e-07,7.052e-07,7.03e-07,7.0336e-07,7.033e-07,6.905e-07,7.1e-07,7.043e-07
NGCUSDT,,0.021521,,,,,,,
NGLUSDT,,0.09857,0.198,0.10013,0.183,,,,
NIBIUSDT,,0.07092,0.07119,,,,,,
NIMUSDT,,0.0027681,,0.0256,0.049,,0.0027575,,
NLKUSDT,,0.01827,0.018347,,,,,,
NOOBUSDT,,0.01154,,,,0.01154,,,
NOTAIUSDT,,8.029e-05,,,,,,,
NPCUSDT,,0.03353,,,0.03433,0.03344,0.03203,,
NRNUSDT,,0.2028,0.20526,,,,,,
NSUSDT,,0.28114,0.2819,,,0.28115,,,
NUMUSDT,,0.07125,,0.0717,,,,,
NWCUSDT,,0.1353,,,,,,0.1254,
NXRAUSDT,,0.07292,,,,,,,
NYMUSDT,,0.12761,0.1298,0.1291,0.1146,0.1283,,,
OASUSDT,,0.05208,0.052144,0.052512,,0.05196,,,0.05198
OBIUSDT,,0.013007,,,,,,,
ODDZUSDT,,0.01085,,,,,0.010916,,
OFNUSDT,,0.1783,,,,0.19267,,,
OLEUSDT,,0.01474,,,,,,,
OMNIAUSDT,,0.251,,0.3065,,,,,
ONDOUSDT,,1.75493,1.75481,1.75562,1.9198,1.7548,1.7673,,1.7562
OOEUSDT,,0.015281,,,,,,,
OORTUSDT,,0.23316,,,,0.2338,,,
OPAIUSDT,,0.000735,,,,,,,
OPDOWNUSDT,,0.0752,,,,,,,
OPENUSDT,,0.012438,,0.012439,,0.01245,0.0541,,
OPULUSDT,,0.13998,,0.13988,,0.14043,0.1421,,
OPUPUSDT,,0.1842,,,,,,,
ORAIUSDT,,13.442,,,,13.43,,,
ORBSUSDT,,0.03923,,0.039235,,0.03922,,0.0361,0.03926
ORCAUSDT,,4.0287,,,3.44,,,,
ORDERUSDT,,0.23679,0.2372,0.2371,,0.2364,0.2401,,
ORDIDOWNUSDT,,0.039,,,,,,,
ORDIUPUSDT,,0.074596,,,,,,,
OTKUSDT,,0.043642,,,,,,,
OUSDUSDT,,0.9989,,,,,,,
OVRUSDT,,0.2893,,,,,,,
PANDORAUSDT,,2324.13,,2381.78,,,,,
PATEXUSDT,,0.917,,,,,,,
PBRUSDT,,0.08777,,,,,,,
PBUXUSDT,,0.03345,0.03363,0.0335,,,,,
PBXUSDT,,0.0010725,,,,,,,
PEAQUSDT,,0.4408,,,,0.4404,,,
PEPE2USDT,,4.034e-08,,,1.798e-08,4.029e-08,,,
PEPEDOWNUSDT,,0.018944,,,,,,,
PEPEUPUSDT,,0.040063,,,,,,,
PGCUSDT,,0.001378,,,,0.00137,,,
PHILUSDT,,0.02479,,,,,0.02477,,
PIPUSDT,,0.03255,0.03243,,,0.03257,,,
PIXUSDT,,9.327e-05,,,,,,,
PLUUSDT,,2.538,,2.5696,,,2.572,,
PMGUSDT,,0.091,,,0.065,0.0907,,0.102,
PNDRUSDT,,0.0286,,,,,,,
POKTUSDT,,0.05737,0.05722,,,,0.05792,,
POLCUSDT,,0.01156,,0.011597,,,0.012035,,
POLKUSDT,,0.03476,,,,,,,
PONKEUSDT,,0.5451,0.54495,0.545928,0.56029,0.54464,0.5948,,
POPCATUSDT,,1.3666,1.3674,1.3668,1.48298,,,,
PRCLUSDT,,0.492,0.4925,0.4935,,0.4916,,,0.4925
PREUSDT,,0.022415,,,,,,,
PRQUSDT,,0.11829,,0.1187,0.0203,,,,0.11891
PSTAKEUSDT,,0.06563,0.06689,0.0672,,0.06671,,,0.06708
PUFFERUSDT,,0.8027,0.8036,0.8036,0.8087,0.8026,,,
PUMLXUSDT,,0.004501,0.004567,,,,,,
PUSHUSDT,,0.121,,0.1219,,0.117,,,
PYTHDOWNUSDT,,0.00011706,,,,,,,
PYTHUPUSDT,,0.090476,,,,,,,
PYUSDUSDT,,0.9991,0.9976,1.0011,,0.9973,,,1.0016
PZPUSDT,,0.08732,,,,0.0875,,,
QORPOUSDT,,0.1453,0.14476,,,,,,
QUILLUSDT,,0.9899,,,,,,,
RACAUSDT,,0.0003114,0.00031256,0.0003094,0.0003496,0.0003109,,,0.000312
RATSUSDT,,0.0001253,0.0001254,0.00012506,0.00012142,0.0001252,0.000111356,,
RBTC1USDT,,6.34e-06,,,,,,,
READYUSDT,,0.01013,,,,,,,
REDOUSDT,,0.341,,,,,,,
REV3LUSDT,,0.005749,,,,,,,
REVUUSDT,,0.01139,,,,,,,
REVVUSDT,,0.005325,,0.005429,,,0.00513,0.00374,
RIFSOLUSDT,,0.0744,,,0.0737,0.07452,,,
RIOUSDT,,1.38,,,,,,,1.3753
RMVUSDT,,0.007641,,,0.00772,0.00757,,,
ROOBEEUSDT,,0.0005109,,,,,,,
ROOTUSDT,,0.041,0.041295,0.04127,,0.04086,,,
ROUTEUSDT,,0.06056,,0.0601,,0.06,0.05962,,
RPKUSDT,,0.00521,0.00524,0.005273,,,,,
RWAUSDT,,0.13009,,,,,,,
SAFEUSDT,,1.8387,1.8385,1.8428,2.059,1.8332,,,1.8399
SAMOUSDT,,0.012667,,,0.01274,0.012699,,,0.012757
SAND3LUSDT,,0.01323467,,,,,,,
SAND3SUSDT,,0.011367,,,,,,,
SAROSUSDT,,0.00515,0.005183,0.005213,,0.005178,,,
SATSUSDT,,3.051e-07,3.059e-07,3.053e-07,2.99319e-07,3.053e-07,2.7907e-07,,3.057e-07
SCAUSDT,,0.4322,0.433,0.4348,0.8379,0.4322,,,
SCPTUSDT,,0.012744,,,,,,,
SDAOUSDT,,0.3304,,0.3321,0.2531,,,,
SDMUSDT,,0.120509,,,,,,,
SDUSDT,,1.3463,1.3533,1.3568,,1.3479,,1.3477,1.3518
SEAMUSDT,,1.4024,,,,1.4007,,,
SEIDOWNUSDT,,0.003399,,,,,,,
SEIUPUSDT,,0.116607,,,,,,,
SENSOUSDT,,0.039,,,,,,,
SFUNDUSDT,,2.2188,2.22633,2.2377,,,,,
SHIB2LUSDT,,2.7383,,,,,,,
SHIB2SUSDT,,0.003977,,,,,,,
SHRAPUSDT,,0.04147,0.04174,0.041909,,0.04166,,,
SHRUSDT,,0.004873,,,,,,,
SIDUSUSDT,,0.006373,0.0064142,,,,0.0063439,,
SILLYUSDT,,0.01656,,0.01663,0.02698,0.01658,,,
SINUSDT,,0.005355,,,,0.005354,,,
SKEYUSDT,,0.09113,,,,,,0.091475,
SKYUSDT,,0.09196,,,,,,0.09195,
SLERFUSDT,,0.2901,,0.2906,0.3437,0.2901,,,0.2903
SLIMUSDT,,0.16045,,,,,0.1574,,
SLNUSDT,,0.2944,,,,0.5967,,,
SMHUSDT,,0.52,,,,,,,
SMILEUSDT,,0.1793,0.18,,,0.17944,,,
SMOLEUSDT,,5.68e-05,,5.78e-05,6.49e-05,,,,
SNSUSDT,,0.01911,,0.046867,,,,,
SOCIALUSDT,,0.001529,0.001541,,,0.001525,,,
SOL3LUSDT,,4.57867657,,,,,,,
SOL3SUSDT,,0.00012919,,,,,,,
SOLVEUSDT,,0.00851,,,,,,,
SONUSDT,,0.0002954,0.000302,,,,,,
SOULUSDT,,0.20358,,0.0001054,,,,,
SPAUSDT,,0.019661,,0.0198,,,,,
SPOTUSDT,,0.00198,,,,,,,
SPXUSDT,,0.7124,0.7105,,0.76,,0.71179,,
SQDUSDT,,0.07624,0.0769,,,,,,
SQRUSDT,,0.0614,0.06138,,,,,0.061,
STAMPUSDT,,0.02846,,,,,,,
STNDUSDT,,0.015149,,,,,,,
STNKUSDT,,254.91,,,,,,,
STOREUSDT,,0.008857,,,,,,,
STRIKEUSDT,,10.17,,,,,,,
SUI3LUSDT,,0.0723,,,,,,,
SUI3SUSDT,,0.2279,,,,,,,
SUIAUSDT,,0.08243,,,,,,,
SUIPUSDT,,0.10939,,,,,,,
SUKUUSDT,,0.10646,,0.1076,0.05596,,,,
SUNDOGUSDT,,0.19641,0.19655,0.1965,0.20601,0.1963,0.19198,,
SUPRAUSDT,,0.012957,0.013016,,,,,,
SUSHI3LUSDT,,1.6701,,,,,,,
SUSHI3SUSDT,,0.0398,,,,,,,
SWASHUSDT,,0.00644,,,,,,,
SWEATUSDT,,0.008849,0.008871,0.00891,,0.008861,0.00873,,0.008882
SWELLUSDT,,0.048846,0.04889,0.04909,,0.04889,,,
SWFTCUSDT,,0.0096328,,0.0097848,0.000892,,,,0.009703
SYLOUSDT,,0.0015345,,0.001539,,0.001528,,,
SYNTUSDT,,0.06,,0.06048,,,,,
SYRUPUSDT,,0.219,,,,,0.232,,
TADAUSDT,,0.0409,,,,,,,
TAIKOUSDT,,2.152,2.153,2.155,,,2.1201,,
TAPUSDT,,5.708,0.001033,,,,,,
TARAUSDT,,0.013,,,,,0.01279,,
TELUSDT,,0.007164,0.007208,,,0.007155,,,
TENETUSDT,,0.0086,0.00866,0.008719,,,,,
TIADOWNUSDT,,0.9844,,,,,,,
TIAUPUSDT,,0.2032,,,,,,,
TIDALUSDT,,0.0001456,,,,,,,
TIMEUSDT,,25.391,25.3678,,,25.294,,,
TLOSUSDT,,0.25055,,0.252,,0.25066,,0.25138,
TOKENUSDT,,0.07846,0.07848,,,,,,
TOKOUSDT,,0.0008702,,,,,,,
TOMIUSDT,,0.02434,0.02438,0.02454,0.395,0.02435,,,
TOSHIUSDT,,0.000337,,,0.000335899,,,,
TOWERUSDT,,0.002459,,,,,,,
TRACUSDT,,1.1405,,1.138,0.873,1.1283,1.528,,
TRADEUSDT,,0.776,,,,,,,
TRBDOWNUSDT,,0.00013684,,,,,,,
TRBUPUSDT,,0.001389,,,,,,,
TRIBLUSDT,,0.469,,,,,,,
TRUFUSDT,,0.08398,,,,,,,
TRVLUSDT,,0.062319,0.062511,,,,,,
TSTUSDT,,0.01164,0.0118,,,0.01164,,,
TSUGTUSDT,,0.00367,,,,0.003668,,,
TTUSDT,,0.004739,,0.004764,,,,,
TUNEUSDT,,0.0092,,,,,,,
TURBOSUSDT,,0.005053,0.0050759,,,,,,
TURTUSDT,,0.00599,,0.006048,0.00998,,,,
UFOUSDT,,9.192e-07,,,,,,,
ULTIUSDT,,0.0169,0.01695,,,0.0169,,,0.01698
UNAUSDT,,0.03268,,,,,,,
UNBUSDT,,0.0005312,,0.000528,,,,,
UNI3LUSDT,,0.42112431,,,,,,,
UNI3SUSDT,,0.2721,,,,,,,
UNIOUSDT,,0.00288,,,,0.002882,,,
UNOUSDT,,0.02893,,,,,,,
UOSUSDT,,0.13158,,0.1318,,,0.1618,,
UPOUSDT,,0.05989,,,,,,,
UQCUSDT,,7.3532,,,,,,,
UROUSDT,,0.02937,,,,0.0295,,,
USDDUSDT,,0.9973,0.9982,0.9994,1.00039,,0.9918,0.9978,
USDEUSDT,,1.0008,1.0018,,0.996,1.0007,,,
USDJUSDT,,1.10047001,,1.1236,1.128,,,,
UXLINKUSDT,,0.6625,0.663,0.6623,0.5584,0.6631,,,0.663
VAIUSDT,,0.11811,,,,0.117666,,,
VELOUSDT,,0.024712,0.024811,0.024849,0.028899,0.1434,,,0.024745
VEMPUSDT,,0.00658,,,,0.0065,,,
VENOMUSDT,,0.076,0.0761,,0.0761,,,,0.07595
VERSEUSDT,,0.0002251,,,,,,,
VET3LUSDT,,25.2626,,,,,,,
VET3SUSDT,,0.3057,,,,,,,
VINUUSDT,,6.331e-08,6.3783e-08,6.3688e-08,6.661e-08,,,,
VIRTUALUSDT,,1.702,1.7046,,,1.703134,1.6976,,
VISIONUSDT,,0.0042349,,0.0042948,,,,,
VOLTUSDT,,4.548e-07,,,4.7109e-07,0.0,9.513e-05,,
VRADOWNUSDT,,1.3788,,,,,,,
VRAUPUSDT,,0.063896,,,,,,,
VRAUSDT,,0.007321,0.007334,0.007369,0.006491,0.007317,0.0074121,0.0071844,0.007336
VRTXUSDT,,0.0858,0.0865,0.0887,,0.0856,0.08442,,
VRUSDT,,0.013599,,0.0136944,,0.013551,,,
VSYSUSDT,,0.0006955,,0.000704,,,,,
VXVUSDT,,0.5436,,,,,,,
WATUSDT,,0.00031314,,0.0003167,,0.00031514,,,
WAXLUSDT,,1.0743,,1.07569,,1.07488,,,
WAXUSDT,,0.06553,,,,,,,
WELLUSDT,,0.075341,0.0003133,0.075797,,0.00031083,,,
WEMIXUSDT,,1.2123,1.2217,1.2175,,1.208,,0.999,
WENUSDT,,0.0001448,0.000145,0.0001451,0.0001406,0.0001447,0.00014206,,
WHALEUSDT,,0.8548,,0.7498,,,,,
WILDUSDT,,0.6406,,,,0.64456,,,
WLDDOWNUSDT,,0.008602,,,,,,,
WLDUPUSDT,,0.018575,,,,,,,
WLKNUSDT,,0.002498,0.0025,0.002542,0.00253,,,,
WLTHUSDT,,0.02655,,,,,,,
WMTXUSDT,,0.5409,,0.5484,,,,,
WODUSDT,,0.20521,,,,,,,
WOOPUSDT,,0.002241,,,,,,,
WORKUSDT,,0.1508,,,,,,,
WSDMUSDT,,0.01393,,0.013942,,0.013827,,,
XAVAUSDT,,0.9971,1.008,,,,,,
XCADUSDT,,0.49,0.4897,0.5079,0.3398,0.4867,0.4921,,
XCHUSDT,,31.799,,31.782,,,,,31.84
XCNUSDT,,0.0028411,,0.002858,0.00159787,0.0028398,,,
XCVUSDT,,0.000932,,,,,,,
XDBUSDT,,0.001144,,,,0.0012851,,,
XDCUSDT,,0.07424,0.07424,0.074386,0.0741,0.07407,,0.07406,
XENUSDT,,2.04e-07,,2.06e-07,1.9e-07,2.059e-07,,,
XETAUSDT,,0.0046,0.004613,0.004604,,0.004549,,,
XIONUSDT,,5.9465,6.1936,,,6.1792,,,
XNLUSDT,,0.013,,,,,,,
XPRTUSDT,,0.1911,,0.1939,,,0.1954,,
XPRUSDT,,0.0016285,,,,0.0016219,,,
XRDUSDT,,0.03493,,,,0.03558,0.03497,,
XRP3LUSDT,,60.7797,,,,,,,
XRP3SUSDT,,0.841,,,,,,,
XRUSDT,,0.664,,0.6719,,,,,0.671
XTAGUSDT,,0.03367,,,,,,,
XTMUSDT,,0.019057,,0.01923,,,,,
XUSDT,,0.00020024,0.00020032,,4.96e-11,,7.38e-06,,0.00020035
XYMUSDT,,0.0301,0.03018,,0.03027,,,0.0231,
XYOUSDT,,0.02823,,0.028389,,,,0.028313,
ZBCNUSDT,,0.0013,,0.0013043,0.00131,0.001299,0.001312,,0.0013
ZCXUSDT,,0.17142,,0.1724,,0.1721,,,
ZEEUSDT,,0.01349,,,,,0.013804,0.0113,
ZELIXUSDT,,0.0001007,,0.0001002,8.11e-05,,,,
ZENDUSDT,,0.19198,0.19338,,,,,,
ZERCUSDT,,0.14378,,,,0.144,,,
ZEROUSDT,,0.0003892,0.0003911,0.1729,0.2031,,,,0.0003915
ZETAUSDT,,0.898,0.8989,0.8994,0.9017,0.8981,0.8563,,0.8988
ZEUSUSDT,,0.6168,,0.6189,2.69e-05,,,,0.6177
ZEXUSDT,,0.0803,0.08052,,,,,,
ZKFUSDT,,0.00085,0.000854,0.000861,0.00099,0.000846,0.0008761,,
ZKJUSDT,,1.485,1.4904,,,,,,1.4865
ZKLUSDT,,0.1652,0.16545,0.16652,,0.1653,,,
ZPAYUSDT,,0.00595,,,,,,,
ZRCUSDT,,0.07762,0.07758,0.0776,0.0721,0.077512,,,
1SOLUSDT,,,0.015087,,,,,,
3PUSDT,,,7.195e-09,,,,,,
5IREUSDT,,,0.01177,,,,,,
A8USDT,,,0.245,0.24522,0.4095,0.2444,,,
AARKUSDT,,,0.00434,,,0.004363,,,
AFCUSDT,,,0.9225,,,0.921,,,
AGIUSDT,,,0.26426,,0.0024,,,,
AGLAUSDT,,,0.006628,,,,,,
AKIUSDT,,,0.00323,,,,,,
APEXUSDT,,,1.9725,,,,,,
APRSUSDT,,,0.172,,,0.1682,,,
APTRUSDT,,,0.01171,,,,,,
AZYUSDT,,,0.000816,,,,,,
BBQUSDT,,,0.03048,,,,,,
BBSOLUSDT,,,248.69,,,,,,
BONUSUSDT,,,0.0383,,,,,,
BUBBLEUSDT,,,0.009975,0.009982,0.010899,0.00996,,,
CAPSUSDT,,,0.006585,,,0.006475,0.0064,,
CBKUSDT,,,0.9374,0.9373,,0.9303,,,
CBXUSDT,,,0.00457,,,,,0.00859,
CELUSDT,,,0.267,,0.1836,0.2673,,,
CHRPUSDT,,,0.013499,,,,,,
CLOUDUSDT,,,0.4091,,,0.4085,,,
CMETHUSDT,,,4094.78,,,,,,
COMUSDT,,,0.2093,0.2013,0.277,0.174,,,
COOKUSDT,,,0.030435,,,,,,
COREUSDT,,,1.6131,1.613574,1.21,1.6108,,,1.613
COTUSDT,,,0.00415,,,,,,
CTTUSDT,,,0.000576,,,,,0.03191,
CUSDUSDT,,,0.9973,0.9994,,,,,
DICEUSDT,,,0.00829,,,,,,
DLCUSDT,,,0.20308,,,,,,
DOMEUSDT,,,0.0006018,,,,,,
DOP1USDT,,,0.002878,,,,,,
DPXUSDT,,,12.917,,,,,,
DSRUNUSDT,,,0.0232,,,,,,
DUELUSDT,,,0.006663,,,0.006555,0.006743,,
DZOOUSDT,,,0.004778,,,,,,
ECOXUSDT,,,0.0832,,,,,,
EGP1USDT,,,4.0061,,,,,,
ELDAUSDT,,,0.005496,,,,,,
ELIXUSDT,,,0.065818,,,,,,
EVERYUSDT,,,0.004481,,,,,,
EXVGUSDT,,,0.03244,,,,,,
FAMEUSDT,,,0.0003528,,,,,,
FARUSDT,,,0.01611,,,,,,
FBUSDT,,,0.649,,,,6.62,,
FLTUSDT,,,0.3975,,,,,,
FMBUSDT,,,0.01392,,,0.01384,,,
FMCUSDT,,,0.0008343,,,,,,
GALAXISUSDT,,,0.001287,,,,,,
GALFTUSDT,,,1.69237,,,,,,1.694
GCAKEUSDT,,,1.061e-07,,,1.05e-07,,,
GENEUSDT,,,0.1205,,,,,,
GGUSDT,,,0.04302,,,,,,
GRAPEUSDT,,,0.0011763,,,0.001159,0.001111,,
GSTSUSDT,,,0.002715,,,,,,
GSWIFTUSDT,,,0.14419,,,0.14388,,,
GUMMYUSDT,,,0.008484,0.00851,0.00791,,,,
HEROUSDT,,,0.002002,,,,,,
HPOS10IUSDT,,,0.2782,,,,,,
HVHUSDT,,,0.00412,,,,,,
INTERUSDT,,,1.3429,,,1.3407,,,
JEFFUSDT,,,0.01068,,,,,,
KASTAUSDT,,,0.040726,,,,0.074999,,
KCALUSDT,,,0.0511,0.051,,,,,
KMONUSDT,,,0.0012508,,,,,,
KONUSDT,,,0.0003003,,,,,,
KROUSDT,,,0.04926,,,,,0.0552,
KUBUSDT,,,2.6508,,1.493,2.6176,,,
LGXUSDT,,,0.001076,,,,,,
LISUSDT,,,0.000681,,,,,,
MBSUSDT,,,0.027811,,,,,,
MBXUSDT,,,0.5214,0.5248,,0.5252,,,
MCGUSDT,,,0.004214,,,0.00419,,,
MCRTUSDT,,,0.001431,0.001428,,,,,
MDAOUSDT,,,0.07181,,,,,,
MEEUSDT,,,0.010588,,,,,,
METHUSDT,,,4094.73,,,,,,
MFERUSDT,,,0.03168,0.0315,0.0499,,,,
MIXUSDT,,,0.00188,,,,0.0019,,
MODEUSDT,,,0.04644,0.04648,,0.04637,,,
MOJOUSDT,,,0.02318,,0.000413,,2.7e-05,,
MSTARUSDT,,,0.01781,,,,,,
MVLUSDT,,,0.006204,0.006237,0.003288,0.006212,,0.00393,
MXUSDT,,,3.7525,3.7393,,3.7225,,,
NESSUSDT,,,0.04282,,,0.04293,,,
NEXTUSDT,,,0.1396,0.141,,,,,
NUTSUSDT,,,0.005194,,,0.005163,,,
NYANUSDT,,,0.12783,0.1287,,0.1281,,,
OBXUSDT,,,5.12e-05,,,,,,
OLUSDT,,,0.62093,,,,,,0.620957
ORTUSDT,,,0.005631,,,,,,
PAALUSDT,,,0.34133,0.3422,0.2709,,,,
PARAMUSDT,,,0.01291,0.01264,,0.0124253766,,,
PIRATEUSDT,,,0.16658,,,0.1662,,,
PIXFIUSDT,,,0.00476,0.004783,0.004995,0.00474,,,
PLANETUSDT,,,5.67e-06,,5.79e-06,,,,
PLTUSDT,,,0.048301,,,,,,
PORT3USDT,,,0.06347,,,,,,
PPTUSDT,,,0.0413,,,0.0411,,,
PRIMEUSDT,,,15.45,,21.86,,,,
PTCUSDT,,,0.03554,,,,,,
PTUUSDT,,,0.2158,,,,,,
PUFFUSDT,,,0.10537,,,,,,
PURSEUSDT,,,0.0001571,,,,,,
QMALLUSDT,,,0.015043,,,,,,
RAINUSDT,,,0.0014748,0.0019499,,,0.0031999,,
REALUSDT,,,0.07624,,,,,0.00902,
RONDUSDT,,,0.0020071,,,,,,
RSS3USDT,,,0.20214,0.2032,,0.2017,,,0.2018
RUBYUSDT,,,0.000212,,,,,,
SAILUSDT,,,0.0051034,,,,,,
SALDUSDT,,,0.000945,,,0.000936,,,
SEILORUSDT,,,0.026424,,,,,,
SEORUSDT,,,0.0006209,,,,,,
SHARKUSDT,,,0.021593,,,,,,
SISUSDT,,,0.15687,0.1553,,,,,
SOLOUSDT,,,0.4577,0.45813,0.458,0.45529,,0.3502,
SPARTAUSDT,,,0.1094,,,,,,
SPECUSDT,,,15.3219,,,,,,
SQTUSDT,,,0.00753,,,,,,
STARUSDT,,,0.07041,,,,,,
STATUSDT,,,0.1002,,,,,,
STETHUSDT,,,3893.82,3861.57,,3893.45,,,3894.95
STOPUSDT,,,0.1555,,,,,,
SVLUSDT,,,0.007824,,,,,,
TAIUSDT,,,0.35907,,,,,,
TAVAUSDT,,,0.02852,0.02969,,,,,
THNUSDT,,,0.001501,,,,,,
THRUSTUSDT,,,0.11617,,,,,,
TRCUSDT,,,0.01183,,,0.01181,,,
USDYUSDT,,,1.0665,,,,,,
VELARUSDT,,,0.111,,,,,,
VELAUSDT,,,0.0375,,,0.0375,,,
VEXTUSDT,,,0.025716,,0.0278,0.02555,,0.0223,
VPADUSDT,,,0.013665,0.01372,,,,,
VPRUSDT,,,0.002729,,,,,,
WWYUSDT,,,0.001307,0.001317,,,,,
XARUSDT,,,0.02051,,,,,,
XZKUSDT,,,0.0373,0.03769,0.0821,0.0372,,,
ZAPUSDT,,,0.05758,,,,,0.0031,
ZENTUSDT,,,0.02739,0.027469,,0.02711,,,0.02734
ZIGUSDT,,,0.15442,0.155134,,0.154067,0.153013,,
ZTXUSDT,,,0.00697,,,0.00696,,,
ADPUSDT,,,,0.001919,,,,,
AIDOGEUSDT,,,,3.9381e-10,3.989e-10,3.932e-10,3.9364e-10,,3.936e-10
ALIUSDT,,,,0.023158,0.02821,0.022966,,,
ALUSDT,,,,0.153,,0.1513,,,
ALUUSDT,,,,0.149828,0.14985,0.14824,,,
ANONUSDT,,,,0.028362,0.03784,,,,
APEDUSDT,,,,3.835,,,,,
AQTUSDT,,,,1.5375,,1.5251,,,
ARGUSDT,,,,0.9228,1.497,0.9157,,,0.9185
ARVUSDT,,,,3.033e-05,,,,3e-05,
ASTOUSDT,,,,0.04057,0.04526,0.04009,,,
AVACNUSDT,,,,8.9e-05,,8.69e-05,,,
BBFUSDT,,,,0.0291,,,,,
BEBEUSDT,,,,6.33e-05,5.054e-05,,,,
BERRYUSDT,,,,0.000254,,,,,
BILLYUSDT,,,,0.03818,,0.03817,0.038383,,
BITCIUSDT,,,,0.001629,0.001786,,,0.002891,
BLDUSDT,,,,0.1097,,,,,
BNSXUSDT,,,,0.0671,,,,,
BONEUSDT,,,,0.6639,0.3794,0.6603,,1.5e-08,0.662
BORGUSDT,,,,0.3353,,,,,
BSSBUSDT,,,,0.1915,0.0,,,,
BSVUSDT,,,,84.829,,84.71,85.0,,84.87
BWOUSDT,,,,0.0035,,,,,
CATEUSDT,,,,0.00156,0.00237,,,,
CAUSDT,,,,0.9178,,,,,
CAWUSDT,,,,7.2818e-08,,,,,
CCROWDUSDT,,,,0.001412,0.00177,,,,
CLOREUSDT,,,,0.15697,,0.1559,,,
CLOSEDAIUSDT,,,,2.53e-05,3.4e-05,,,,
CRTSUSDT,,,,0.00039325,,,,0.0003,
CRUUSDT,,,,0.7318,,,,,
CTXUSDT,,,,3.3289,,,,,
DAVUSDT,,,,0.000303,,,,,
DEPUSDT,,,,0.001767,,,,,0.001757
DESOUSDT,,,,9.1,,,8.88,,
DIOUSDT,,,,0.01759,,,,,
DISUSDT,,,,0.00677,,0.00636,,,
DKAUSDT,,,,0.031137,,,,,
DKSUSDT,,,,0.0002251,,,,,
DORAUSDT,,,,0.0892,0.698,,,,0.11025
DOSEUSDT,,,,0.00047,,,0.000278,,
E1E2USDT,,,,0.0,,,,,
ELIZAUSDT,,,,0.00914,0.01089,0.00909,,,
ELUUSDT,,,,0.007937,,,,,
EUROCUSDT,,,,1.0551,,,,,
EURTUSDT,,,,1.0535,,,,1.0406,
EVMOSUSDT,,,,0.0383,,,,,
FANCUSDT,,,,0.00935,,,,,
FARTCOINUSDT,,,,0.20313,0.25655,0.2027,0.209799,,
FCT2USDT,,,,0.055047,0.04948,,,,
FDTUSDT,,,,0.0001428,,,,,
FIGHTUSDT,,,,0.00405,0.01799928,,0.004148,,
FLZUSDT,,,,2.4696,,,,,
FOFARUSDT,,,,0.0032,1.179e-05,,,,
FUDUSDT,,,,10.2998,,3.797e-07,,,
FUSEUSDT,,,,0.04075,,0.04057,0.0408,,
GEARBOXUSDT,,,,0.009576,,,,,
GMEUSDT,,,,0.005179,0.005598,0.00516,0.005032,,
GOMININGUSDT,,,,0.41858,,0.41727,,,
GQUSDT,,,,0.000435,,,,,
GROKUSDT,,,,0.008056,0.0039999,0.00803,,,
GRVUSDT,,,,0.0119,,,,0.0067,
GTUSDT,,,,12.7204,,,,,
HAOUSDT,,,,0.00017,,,,,
HECUSDT,,,,0.01085,,,,,
HGGUSDT,,,,0.001889,0.001876,,,,
HSFUSDT,,,,0.0105,,,,,
HUNTUSDT,,,,0.4326,0.24,,,0.24673,
INGUSDT,,,,3.95e-05,,,,,
INRUSDT,,,,0.009632,,,,,
INSURUSDT,,,,0.0225,,,,,
IVFUNUSDT,,,,0.00253,0.002545,,,,
JOYUSDT,,,,0.00246,,0.008187,,,
JUICEUSDT,,,,0.00414,,,,,
KAMAUSDT,,,,0.000247,0.00029,,,,
KANUSDT,,,,0.000784,,,,,
KCTUSDT,,,,0.001416,,,,,
KICKSUSDT,,,,0.0001097,,,,,
KRIPTOUSDT,,,,0.0001056,,,,,
KRRXUSDT,,,,0.0714,,,,,
KTUSDT,,,,0.001122,,,,,
KUBEUSDT,,,,0.0005252,,,,,
LAMBUSDT,,,,0.003269,,,,,0.00325
LATUSDT,,,,0.01479,,0.014512,,,0.014554
LBLUSDT,,,,0.003066,,,,,
LESTERUSDT,,,,0.01411,0.02587,,0.014887,,
LOOTUSDT,,,,0.0305,0.0513,,,,
LOVELYUSDT,,,,0.002518,,,0.002761,,
LVNUSDT,,,,0.03458,,,,,
LWAUSDT,,,,0.0297,,,,,
MAGAUSDT,,,,9.848e-05,9.2342e-05,,9.414e-05,,
MCONTENTUSDT,,,,1.121e-09,,,,,
MESAUSDT,,,,4.9e-05,,,,,
MEVUSDT,,,,0.004579,,,,,
MICEUSDT,,,,0.002869,,,0.002179,,
MONGUSDT,,,,1.3912e-08,6.396e-09,,,,
MOOVUSDT,,,,0.002871,,,,,
MOTHERUSDT,,,,0.07709,0.06735,0.0767,,,
MOVEZUSDT,,,,4.2e-05,,,,,
MRSUSDT,,,,2.3349,,,,,
MSNUSDT,,,,0.1346,0.13,0.1314,,,
MUDOL2USDT,,,,0.005376,,,,,
MUNCATUSDT,,,,0.002697,0.00997,,,,
MUSICUSDT,,,,0.03961,,0.03931,,0.03955,
MYTHUSDT,,,,0.3735,,,,,
NEIROETHUSDT,,,,0.0808,0.0881,,0.00180892,,
NESTUSDT,,,,0.001306,,,,,
NEWUSDT,,,,5.142e-05,,,,,
NODLUSDT,,,,0.004128,,,,,
NPTUSDT,,,,0.2572,,0.2556,,0.259,
OLANDUSDT,,,,0.000229,,,,,
ORBRUSDT,,,,0.3677,,,,,
ORCUSDT,,,,0.01242,,,,,
OXUSDT,,,,0.03429,0.00869,,,,
PCIUSDT,,,,0.11706,,0.11644,,,
PEWUSDT,,,,1.98e-06,2.151e-06,1.928e-06,,,
PIUSDT,,,,52.747761,,,,,
PIZZAUSDT,,,,3.2037,3.236,,,,
POOHUSDT,,,,1.909e-08,7.5e-09,,,,
POOLXUSDT,,,,2.062884,2.158,,1.988,,
PORKUSDT,,,,1.25e-07,1.2e-07,,1.223e-07,,
PRISMAUSDT,,,,0.0548,0.0628,,,,
PROPYUSDT,,,,1.6002,,,,,
PUMPUSDT,,,,6.7e-07,9.13e-07,,,,
PUNDUUSDT,,,,0.006608,0.0066,,,,
RABUSDT,,,,0.003975,,,,,
RLYUSDT,,,,0.003165,,,,,
ROCKUSDT,,,,0.0008,0.000774,,0.0003604,,
ROCOUSDT,,,,0.06,,,,,
RTFUSDT,,,,0.07787,,0.07782,,,
SBDUSDT,,,,4.2576,,,,,
SLOPUSDT,,,,0.00197,0.00172,,,,
SLOTHUSDT,,,,0.00481,0.00478,,,,
SMILEYUSDT,,,,3.24e-12,3.397e-12,,,,
SMTUSDT,,,,0.002576,,,,,
SOFIUSDT,,,,0.01393,,,,,
SORAUSDT,,,,0.00296,0.00209,0.002917,,,
SPARKLETUSDT,,,,0.03601,,0.035966,,,
SPELLFIREUSDT,,,,0.000394,,,,,
SSGUSDT,,,,0.000396,,,,,
STRMUSDT,,,,0.00069,,,,0.00072,
STTUSDT,,,,0.3265,0.3279,,,,
SUNCATUSDT,,,,0.0058,0.005074,,,,
SUNWUKONGUSDT,,,,0.0045,,,0.004363,,
SWAPUSDT,,,,0.1665,0.0204,,0.16409,,
TBULLUSDT,,,,0.01992,0.016852,,,,
TOMSUSDT,,,,2.8e-05,,,,,
TOPUSDT,,,,0.000215,,,,,
TOXUSDT,,,,0.009012,,,,,
TPYUSDT,,,,0.0084,,,,,
TREMPUSDT,,,,0.086,0.092,,,,
TROLLUSDT,,,,2.182e-08,2.1002e-08,,,,
TRONBULLUSDT,,,,0.056,0.0861,,,,
TRX3LUSDT,,,,0.0,,,,,
TRX3SUSDT,,,,0.0,,,,,
TYBENGUSDT,,,,0.0002869,,,,,
UNIBOTUSDT,,,,9.1562,56.77,9.02,,,
UNQUSDT,,,,0.005797,,,,,
UTUSDT,,,,0.002059,0.00283,,,,
VLXUSDT,,,,0.017636,,,,0.016,
WALLETUSDT,,,,0.015413,,,,,
WAPUSDT,,,,0.00131,0.00064,,,,
WBTUSDT,,,,24.9311,,,,,
WHALESUSDT,,,,0.1818,0.1699,,,,
WIFIUSDT,,,,0.041298,0.04384,,,,
WOJAKUSDT,,,,0.00147929,0.0008188,0.001468,0.0014981,,
WOOFUSDT,,,,0.0002311,,,,,
WPCIUSDT,,,,0.112,,,,,
WSMUSDT,,,,0.001264,,,,,
WSTUSDTUSDT,,,,1.044999,1.055,,,,
WXTUSDT,,,,0.003379,,,,,
XAUTUSDT,,,,2642.27,,2626.1,,2633.0,2628.3
XFIUSDT,,,,0.7746,,,,,
XPETUSDT,,,,0.0712,0.212,,,,
XPLAUSDT,,,,0.1136,,0.1135,,,
ZEROLENDUSDT,,,,0.000394,0.0004446,0.0003898,,,
ZKBUSDT,,,,0.021846,,0.02324,,,
ZKPUSDT,,,,0.01598,,,,,
ZUZALUUSDT,,,,0.001275,0.001228,,,,
ABIUSDT,,,,,40.03,,,,
ACH1USDT,,,,,0.03601,,,,
ACRIAUSDT,,,,,0.014,,,,
ACUSDT,,,,,0.0464,,,,
AERODROMEUSDT,,,,,1.7,,,,
AFROUSDT,,,,,0.005668,,,,
AI1USDT,,,,,0.8396,,,,
AIUSUSDT,,,,,149.33,,,,
AIXBTUSDT,,,,,0.2285,0.23162,,,
AJUNUSDT,,,,,0.01567,,,,
AKITAUSDT,,,,,6.62e-08,,,,
ALCHUSDT,,,,,0.06348,,,,
ALVAUSDT,,,,,0.45115,0.4562,,,
AMCSOLUSDT,,,,,0.00126,,,,
AMCUSDT,,,,,0.2035,,,,
AMOUSDT,,,,,0.001831,,,,
ANDYBLASTUSDT,,,,,0.0179,,,,
ANDYETHUSDT,,,,,0.0002277,,,,
ANDYSOLUSDT,,,,,0.00137,,,,
APECOINUSDT,,,,,1.84e-07,,,,
APEPEUSDT,,,,,5.3e-06,,5.516e-06,5.267e-06,
APUFFUSDT,,,,,0.00849,,,,
APUUSDT,,,,,4.25e-07,0.00089,,,
APX1USDT,,,,,0.00017856,,,,
APXUSDT,,,,,0.09156,,,,
ARCXUSDT,,,,,0.59,,,,
AREAUSDT,,,,,0.071,0.06975,,,
ARGSOLUSDT,,,,,0.000418,,,,
ARKYUSDT,,,,,1.059e-06,,,,
ATLASUSDT,,,,,0.003675,0.0044001,0.0046,,
ATRUSDT,,,,,0.044273,0.043534,0.045201,,
AVASOLUSDT,,,,,0.14123,,,,
AVBUSDT,,,,,0.03943,,,,
BABYCATEUSDT,,,,,4.29e-07,,3.75e-07,,
BABYNEIROUSDT,,,,,2.0999e-11,,,,
BABYPEPEUSDT,,,,,1.22e-10,,,,
BADUSDT,,,,,1.745e-08,1.785e-08,,,
BAJUUSDT,,,,,0.0,,,,
BANANASOLUSDT,,,,,0.00255,,,,
BARRONUSDT,,,,,0.000388,,,,
BASEDAIUSDT,,,,,7.372,,,,
BASEFOMOUSDT,,,,,0.00035,,,,
BAZINGAUSDT,,,,,0.00549,,,,
BEERSOLUSDT,,,,,2.952e-05,,,,
BENDOGUSDT,,,,,0.013182,0.01317,,,
BENJIUSDT,,,,,0.02664,,,,
BENUSDT,,,,,4.42e-09,,,,
BEOBLEUSDT,,,,,0.00781,,,,
BEPEUSDT,,,,,0.000374,,,,
BERTUSDT,,,,,0.14429,,0.11137,,
BFICGOLDUSDT,,,,,0.048,,,,
BFICUSDT,,,,,1.68,,,,
BFIUSDT,,,,,1.71e-05,,,,
BIAOSOLUSDT,,,,,0.04999,,,,
BIAOTRONUSDT,,,,,0.000549,,,,
BIFUSDT,,,,,0.000297,,,,
BILLUSDT,,,,,2.97e-06,,,,
BILLYSOLUSDT,,,,,0.06003,,,,
BINUUSDT,,,,,8e-05,,,,
BIRDDOGUSDT,,,,,0.004406,,,,
BLAKEUSDT,,,,,6e-05,,,,
BNBDADDYUSDT,,,,,1.28e-07,,,,
BOBOUSDT,,,,,1.478e-06,1.181e-06,,,
BODENUSDT,,,,,0.0047,,,,
BOGUSDT,,,,,0.000135,,,,
BOREDUSDT,,,,,0.013999,,,,
BORKUSDT,,,,,0.02283,,,,
BOZOUSDT,,,,,2.3e-08,,,,
BRIUNUSDT,,,,,0.00446,,,,
BRUHUSDT,,,,,0.000289,,0.000226,,
BSHIBUSDT,,,,,8.4e-05,,,,
BSSB1USDT,,,,,0.16,,,,
BTPUSDT,,,,,0.0959,,,,
BTRSTUSDT,,,,,0.332,,,,
BUILDUSDT,,,,,5.04e-06,,,,
BUIOUSDT,,,,,9.07e-05,,,,
BULEIUSDT,,,,,1.23e-06,,,,
BULLTRONUSDT,,,,,3.98e-05,,,,
BULLYUSDT,,,,,0.1254,,,,
BUNNYUSDT,,,,,9e-05,,,,
BVMUSDT,,,,,0.48,,,,
BWORMUSDT,,,,,159.9999,,,,
BYTEUSDT,,,,,1.349e-05,,,,
CADUSDT,,,,,0.058633,,,,
CAFUSDT,,,,,0.0003,,,,
CAPOUSDT,,,,,0.0001,,,,
CARMINUSDT,,,,,0.00113598,,,,
CATBSCUSDT,,,,,6e-05,,,,
CATFROGUSDT,,,,,0.00041,,,,
CATGPTUSDT,,,,,0.000784,0.0002198,,,
CBUSDT,,,,,0.00176,,,,
CCCTRONUSDT,,,,,0.0003999,,,,
CENTSUSDT,,,,,0.01727,,,,
CHADUSDT,,,,,1.194e-05,,,,
CHANUSDT,,,,,0.005468,,,,
CHATUSDT,,,,,0.169,1.236,,,
CHEEMSUSDT,,,,,8.746e-07,8.909e-07,,,
CHINUUSDT,,,,,0.000191,,,,
CHIPPYUSDT,,,,,0.000168,,,,
CHKNUSDT,,,,,2.579e-07,,,,
CHOWUSDT,,,,,0.0,,,,
CHUDUSDT,,,,,0.01752,,,,
CLANKERUSDT,,,,,55.05,52.23,,,
COINYEUSDT,,,,,0.00502,,,,
COKUSDT,,,,,5.495e-06,,6.759e-06,,
COMEUSDT,,,,,1.45e-06,,,,
COOLUSDT,,,,,0.0,,,,
COREUMUSDT,,,,,0.2633,0.262509,,,
COSTUSDT,,,,,0.015,,0.003915,,
CREOUSDT,,,,,0.06542,0.06573,,,
CREUSDT,,,,,0.00018192,,,,
CROCCATUSDT,,,,,0.0,,,,
CSASUSDT,,,,,0.00157,,,,
CSIUSDT,,,,,0.001992,,,,
CSUNUSDT,,,,,2.9e-05,,,,
CSWAPUSDT,,,,,0.07853,,,,
CULTUSDT,,,,,8.98e-07,,,,
CVTUSDT,,,,,0.0,,,,
CWIFUSDT,,,,,4.394e-07,3.5e-07,,,
CZCUSDT,,,,,0.01196,,,,
CZUSDT,,,,,1.9e-05,,,,
DACCUSDT,,,,,6.33e-05,,,,
DADDYCHILLUSDT,,,,,0.002498,,,,
DADDYUSDT,,,,,0.0919,0.072,0.07161,,
DARAMUSDT,,,,,3.72e-05,,3.955e-05,,
DAWUSDT,,,,,0.000769,,,,
DEAIUSDT,,,,,0.8739,,,,
DEDUSDT,,,,,4.31e-05,,,,
DELONUSDT,,,,,9.3e-07,,,,
DEPDUSDT,,,,,0.00017,,,,
DJTETHUSDT,,,,,1.32e-07,,,,
DJTUSDT,,,,,0.00015,,,,
DMTUSDT,,,,,0.03,,,,
DOEUSDT,,,,,0.00259,,,,
DOGE1USDT,,,,,1.81e-07,,,,
DOGE2USDT,,,,,1.069e-08,,,,
DOGEETHUSDT,,,,,0.2999964,,,,
DOGGSUSDT,,,,,0.00017,,,,
DOGINMEUSDT,,,,,0.000876,,,,
DOGUSDT,,,,,0.00469,0.006782,0.0067753,,
DOGWIFFORKUSDT,,,,,0.00054,,,,
DONALDCATUSDT,,,,,0.000999,,,,
DONSUSDT,,,,,7.99e-05,,,,
DOOGLEUSDT,,,,,0.000348,,,,
DORKLUSDT,,,,,0.003425,,,,
DOSUSDT,,,,,0.0,,,,
DPOOLUSDT,,,,,4.4e-08,,,,
DRGNUSDT,,,,,0.00018,,,,
DUCKYUSDT,,,,,1.819e-05,,,,
DUKOUSDT,,,,,0.001769,0.001159,,,
DXYUSDT,,,,,0.000399,,,,
EACCUSDT,,,,,2.997e-06,,,,
EARUSDT,,,,,0.00011,,,,
EBULLUSDT,,,,,0.0011195,,,,
EDOGEUSDT,,,,,0.000638,,0.000427,,
EFIUSDT,,,,,0.0467,,,,
EGGUSDT,,,,,0.00175,,,,
ELMOUSDT,,,,,3.5e-05,,,,
ELONETHUSDT,,,,,2.097e-05,,,,
ENTSUSDT,,,,,0.0,,,,
ERSDLUSDT,,,,,0.002399,,,,
ESDUSDT,,,,,0.0,,,,
ETFUSDT,,,,,0.00501,,,,
ETHFUSDT,,,,,0.704,,,,
ETHPEPE2USDT,,,,,1.3e-05,,,,
EVANUSDT,,,,,0.05,,,,
EYEUSDT,,,,,0.00088,,0.001117,,
FACTRUSDT,,,,,0.094,,,0.059918,
FATHAUSDT,,,,,0.014,,,,
FEARNOTUSDT,,,,,9.99e-06,,,,
FEELSUSDT,,,,,0.0003378,,,,
FENTANYLUSDT,,,,,0.0,,,,
FERCUSDT,,,,,0.0089,,,,
FERRETUSDT,,,,,0.0,,,,
FIGHTSOLUSDT,,,,,0.00071,,,,
FIONAUSDT,,,,,2.39e-07,,,,
FISHUSDT,,,,,2.271e-08,,1.499e-08,,
FLAPPYUSDT,,,,,4.15e-06,,,,
FLAVIAUSDT,,,,,0.00129,,,,
FLOKICEOUSDT,,,,,1.099e-11,,,,
FLOWERUSDT,,,,,0.00853,,,,
FLUFFUSDT,,,,,0.0025,,,,
FOFARTRONUSDT,,,,,0.00197,,,,
FOMOBASEUSDT,,,,,0.0,,,,
FOMOUSDT,,,,,0.003,,,,
FORESTUSDT,,,,,0.03027,,,,
FORKUSDT,,,,,2e-08,,,,
FRAXUSDT,,,,,0.4998,,,,
FREEDUROVUSDT,,,,,1.6e-05,,,,
FREESOLUSDT,,,,,0.0,,,,
FRENSUSDT,,,,,1.8e-05,,,,
FRIDGEUSDT,,,,,0.006503,,,,
FTNUSDT,,,,,3.1941,3.18459,,,
FUNDUSDT,,,,,0.06758,,,,
FZCUSDT,,,,,0.001088,,,,
GAYUSDT,,,,,0.000148,,,,
GECUSDT,,,,,0.291,,,,
GIGASOLUSDT,,,,,0.07498,,,,
GINNANUSDT,,,,,4.059e-06,2.21e-06,,,
GIOVEUSDT,,,,,3.5348,,,,
GMEETHUSDT,,,,,9.593e-05,,,,
GMEONETHUSDT,,,,,3.7e-05,,,,
GMMTUSDT,,,,,0.0162,,,,
GNONUSDT,,,,,0.01382,,0.01189,,
GNUSDT,,,,,0.0,,,,
GOLDENCATUSDT,,,,,1.459e-06,,,,
GOMEUSDT,,,,,0.00194,,,,
GPTUSDT,,,,,0.00201,,,,0.09695
GPUUSDT,,,,,2.1119,,,,
GRIMACEUSDT,,,,,3.349,,1.71e-07,,
GROYPERUSDT,,,,,0.0358,,,,
GTOPUSDT,,,,,9e-05,,,,
GUACUSDT,,,,,3.62e-08,,,,
HABIBIUSDT,,,,,0.04089,,,,
HAMMYTRONUSDT,,,,,3.2e-05,,,,
HAMMYUSDT,,,,,0.01339,,,,
HAMUSDT,,,,,1.798e-09,,,1.3912e-09,
HANAUSDT,,,,,0.000323,,,,
HAPPYSOLUSDT,,,,,0.010535,,,,
HARAMBEUSDT,,,,,0.0002675,,,,
HARRYUSDT,,,,,0.099999,,,,
HATUSDT,,,,,0.05639,,,,
HAWKTUAHUSDT,,,,,0.00185,,,,
HEMULEUSDT,,,,,0.00769,,,,
HIGHERUSDT,,,,,0.08699,,0.025568,,
HOBBESUSDT,,,,,0.00113,,,,
HODLUSDT,,,,,3.8e-12,,,0.00075,
HONKETHUSDT,,,,,7.3e-09,,,,
HONKUSDT,,,,,0.003772,,,,
HOPPYUSDT,,,,,1.02e-09,,0.00013564,,
HTUSDT,,,,,0.75,,,,
ICENETWORKUSDT,,,,,0.007899,,,,
INCEPTUSDT,,,,,60.1,,,,
INSUSDT,,,,,0.0551,,,,
INTROUSDT,,,,,0.00698,,,,
INUUSDT,,,,,0.0,,,,
IOTUSDT,,,,,0.001572,,,,
IVEXUSDT,,,,,0.0991,,,,
IXSUSDT,,,,,0.442,,,,
JANETUSDT,,,,,0.000428,,,,
JARVISUSDT,,,,,0.00126,,,,
JEMANUSDT,,,,,0.000128,,,,
JESUSUSDT,,,,,1e-07,,,,
JETUSDT,,,,,1.23149,,0.00022,0.001165,
JIVAUSDT,,,,,0.0,,,,
JORGIEUSDT,,,,,0.00109,,,,
KABALUSDT,,,,,8.2e-05,,,,
KABOSUETHUSDT,,,,,1.49e-06,,,,
KACYUSDT,,,,,0.02449,,,,
KAIKENUSDT,,,,,2.191e-08,,,,
KENDUUSDT,,,,,6.6e-05,,,2e-05,
KENUSDT,,,,,0.000264,,,,
KINGUSDT,,,,,2.78e-05,,,,
KIRAUSDT,,,,,0.004,,,,
KITTYUSDT,,,,,0.003999,,,,
KITUSDT,,,,,3.7e-05,,,,
KLAUSUSDT,,,,,0.01,,,,
KLIMAUSDT,,,,,1.175,,,,
KNOBUSDT,,,,,3.5e-05,,,,
KOINUSDT,,,,,2.066e-07,,,,
KOMAUSDT,,,,,0.09396,,,,
LAMBOSOLUSDT,,,,,0.022,,,,
LAVAUSDT,,,,,0.01871,,,,
LIMEUSDT,,,,,0.07,,0.067816,,
LIVEUSDT,,,,,0.01792,,,,
LOCKUSDT,,,,,0.000114,,0.5076,,
LOFIUSDT,,,,,0.03297,,,,
LOGTUSDT,,,,,0.001,,,,
LOLSOLUSDT,,,,,0.0,,,,
LONG1USDT,,,,,0.0128,,,,
LONUSDT,,,,,0.469,,,,
LOOMSOLUSDT,,,,,6.3e-05,,,,
LOVESNOOPYUSDT,,,,,5e-10,,,,
LUSDT,,,,,5.39e-08,,,6.8e-08,
LVLUSDT,,,,,0.297,,,,
LWOLFUSDT,,,,,0.00014984,,,,
LZMUSDT,,,,,0.05555,,,,
MACHOUSDT,,,,,0.000281,,,,
MADUSDT,,,,,7.9e-07,,,,
MAGAPEPEUSDT,,,,,4.4e-12,,,,
MAGASOLUSDT,,,,,0.01,,,,
MAILUSDT,,,,,0.00089,,,,
MAMBAUSDT,,,,,0.000173,,,,
MARSUSDT,,,,,1.219e-05,,,,
MAXSOLUSDT,,,,,0.0076,,,,
MCOINUSDT,,,,,0.1649,,0.161,,
MEDUSAUSDT,,,,,0.0007,,,,
MEGAUSDT,,,,,1.21e-05,,,,
MEMELANDUSDT,,,,,0.024508,,,,
MEMESAIUSDT,,,,,0.063,,,,
MEOWCOINUSDT,,,,,6.09e-07,,,,
MEOWKAUSDT,,,,,3.8e-05,,,,
MEOWUSDT,,,,,2.39e-07,,,,
MEXUSDT,,,,,6.444e-06,,6.381e-06,,
MIDWITUSDT,,,,,0.0,,,,
MIHARUUSDT,,,,,0.00211,,0.002017,,
MIKIUSDT,,,,,0.000107,,,,
MINIUSDT,,,,,0.05998,,,,
MISTSOLUSDT,,,,,0.00232,,,,
MLUSDT,,,,,0.20117,0.2004,,,
MMSSUSDT,,,,,0.2143,,,,
MMTUSDT,,,,,0.0461,,,,
MNDUSDT,,,,,0.1133,,,,
MOBYUSDT,,,,,0.062,,,,
MOCKJUPUSDT,,,,,0.00146,,,,
MOGGOUSDT,,,,,0.0501,,,,
MONKEUSDT,,,,,6.1e-05,,,,
MOOCATUSDT,,,,,8.3e-05,,,,
MOODENGETHUSDT,,,,,0.0001427,0.0001399,,,
MOONDOGUSDT,,,,,2e-05,,0.0016813,0.001707,
MOROSUSDT,,,,,0.00109,,,,
MORTIUSDT,,,,,6.6e-05,,,,
MOTHUSDT,,,,,0.001395,,,,
MOYAUSDT,,,,,5.9e-10,,,,
MOZUSDT,,,,,0.0189,,,,
MPWRUSDT,,,,,0.0004,,,,
MSIUSDT,,,,,7.21e-07,,,,
MUMUUSDT,,,,,6.4565e-05,5.296e-05,7.15e-09,,
MUSKXUSDT,,,,,0.000637,,,,
MUSTARDUSDT,,,,,0.00188,,,,
MWDUSDT,,,,,0.00038,,,,
MYRAUSDT,,,,,0.0005669,,,,
NAMIUSDT,,,,,0.000429,,,,
NAOUSDT,,,,,0.0227,0.02478,,,
NAPUSDT,,,,,6.5e-06,,,,
NCTUSDT,,,,,0.01677,,,,
NEIROSOLUSDT,,,,,0.00254,,,,
NEIROTRXUSDT,,,,,0.000126,,,,
NEURAUSDT,,,,,0.0374,,,,
NEVERUSDT,,,,,1.988e-05,,,,
NIHAOUSDT,,,,,6.9e-05,,,,
NLCUSDT,,,,,0.00048,,,,
NOCHILLUSDT,,,,,0.003987,,0.004162,,
NOGSUSDT,,,,,4.29e-05,,,,
NOHATUSDT,,,,,0.0013,,,,
NORMIEOLDUSDT,,,,,0.0,,,,
NOTCOINUSDT,,,,,0.0082,,,,
NVDAUSDT,,,,,0.0004,,,,
NVIRUSDT,,,,,0.01514,0.001974,,,
O4DXUSDT,,,,,0.0568,,,0.03085,
OBOTUSDT,,,,,0.026,,0.021957,0.01301,
ODUNGUSDT,,,,,3.9e-05,,,,
OETHUSDT,,,,,28000.45,,,,
OGGYUSDT,,,,,2.299e-11,,,,
OKBUSDT,,,,,54.56,,,49.245,58.39
OLMUSDT,,,,,0.0209,,,,
OLYMPEUSDT,,,,,3e-08,,,,
OMOCHIUSDT,,,,,0.002085,,,,
ONEINCHUSDT,,,,,0.5986,,,,
OPAIUMUSDT,,,,,0.02294,,,,
OPOSUSDT,,,,,0.0,,,,
OPPIEUSDT,,,,,0.000775,,,,
OPSECOLDUSDT,,,,,0.094,,,,
OPUSUSDT,,,,,0.03395,,,,
ORDSUSDT,,,,,0.00697,,,,
PANDAUSDT,,,,,0.000158,,,,
PARRYUSDT,,,,,0.00031,,,,
PATRIOTUSDT,,,,,0.0005799,,,,
PAWUSDT,,,,,9.99e-06,1.56079e-08,,,
PEANUTUSDT,,,,,2.296e-06,,,,
PEASUSDT,,,,,12.0,,,,
PEBOUSDT,,,,,0.0,,,,
PEIPEIUSDT,,,,,1.577e-07,,1.3092e-07,,
PENGUSDT,,,,,0.265,0.1597,0.1674,,
PEPE20USDT,,,,,1.33e-10,,,,
PEPEAIUSDT,,,,,6.5e-09,,,,
PEPEBASEUSDT,,,,,3.48e-09,,,,
PEPERUSDT,,,,,1.76e-07,,,,
PEPESOLCOMMUSDT,,,,,0.013561,,,,
PIKAUSDT,,,,,0.000117,0.0006859,0.086,,
PILLSUSDT,,,,,7.58e-05,,,,
PINKUSDT,,,,,0.0024365,,,,
PIPPINUSDT,,,,,0.04097,,,,
PNUTSOLUSDT,,,,,1.68997,,,,
POCHITAUSDT,,,,,0.00379,,0.003989,,
POGAISOLUSDT,,,,,1.16e-05,,,,
POGAIUSDT,,,,,2.12e-05,,,,
POLISUSDT,,,,,0.2451,,0.25,,
POLYDOGEUSDT,,,,,1.9018e-08,,,,1.722e-08
PONKUSDT,,,,,0.0,,,,
POONUSDT,,,,,0.000235,,,,
PORTUSDT,,,,,0.000922,,,,
PORUSDT,,,,,1.221,,,,0.9548
PSYOPTRONUSDT,,,,,0.0014,,,,
PUPSUSDT,,,,,3.75,,0.223,,
PUSSUSDT,,,,,0.008247,,0.008444,,
RAILUSDT,,,,,1.8499,,,,
RAKEUSDT,,,,,0.0003247,,,,
RARIUSDT,,,,,1.395,2.9522,,,
RBNUSDT,,,,,0.5865,0.5573,,,
RBUSDT,,,,,0.0096,,,,
RBXUSDT,,,,,0.03626,,,,
RCHUSDT,,,,,0.7,,,,
RDEXUSDT,,,,,0.0397,,,,
RDOGUSDT,,,,,0.000174,,,,
REEEUSDT,,,,,0.000329,,,,
REKT2USDT,,,,,1.49,,,,
REMILIAUSDT,,,,,0.0,,,,
RETARDIOUSDT,,,,,0.19593,,,,
RINGUSDT,,,,,0.0,,,,
RISUSDT,,,,,0.0819,,,,
RIVUSUSDT,,,,,0.00014,,,,
RNTUSDT,,,,,0.00607,,,,
ROCKTRONUSDT,,,,,0.0004,,,,
ROGERUSDT,,,,,0.000333,,,,
ROUPUSDT,,,,,0.000128,,,,
RSTKUSDT,,,,,0.0096,,,,
RUGUSDT,,,,,0.0,,,,
SAITAMAUSDT,,,,,9.1e-05,,,,
SANSHUUSDT,,,,,0.001864,,,,
SASHAUSDT,,,,,0.000163072,,,,
SAVMUSDT,,,,,2.12,,,,
SBFUSDT,,,,,0.0,,,,
SBTFUSDT,,,,,1.4e-05,,,,
SDOGEUSDT,,,,,5.1e-05,,,,
SEEUUSDT,,,,,1.53e-05,,,,
SELFIEUSDT,,,,,0.042993,,,,
SFARMUSDT,,,,,0.086,,,,
SGUSDT,,,,,0.0331,,,,
SHARKCATUSDT,,,,,0.0264,,,,
SHEGENUSDT,,,,,0.01456,,,,
SHIAUSDT,,,,,0.0007,,,,
SHIB2USDT,,,,,1.36e-09,,,,
SHOGGOTHUSDT,,,,,0.17535,0.0408,0.041195,,
SHPINGUSDT,,,,,0.00204,,,0.0122,
SHRUBETHUSDT,,,,,0.064,,,,
SHRUBUSDT,,,,,0.001179,,0.057832,,
SHUUSDT,,,,,0.0149,,,,
SIGMAUSDT,,,,,0.10481,,,,
SIMPSONUSDT,,,,,3.13e-12,,,,
SITCOMUSDT,,,,,0.00902,,,,
SIXUSDT,,,,,0.0439,0.0375,,,
SKATECATUSDT,,,,,3.7e-05,,,,
SMURFCATUSDT,,,,,0.00010749,,,,
SNOWUSDT,,,,,4.06e-10,,,,
SOLCEXUSDT,,,,,0.02186,,,,
SOLCHATUSDT,,,,,1.989,,,,
SOONUSDT,,,,,9.68e-05,,,,
SORABTCUSDT,,,,,0.0299,,,,
SOVUSDT,,,,,0.0,,,,
SPCTUSDT,,,,,0.0005,,,,
SPEEDUSDT,,,,,0.00142,,,,
SPEEDYUSDT,,,,,5e-07,,,,
SPEEROUSDT,,,,,8.3e-09,,,,
SPIKEUSDT,,,,,0.00013,,,,
SPONGEUSDT,,,,,0.000135,,,,
SPTUSDT,,,,,0.0001443,,,,
SPURDOETHUSDT,,,,,0.0027,,,,
SPYROUSDT,,,,,0.0,,,,
SQUIDSOLUSDT,,,,,0.00048,,,,
SSBUSDT,,,,,0.0,,,,
STOSUSDT,,,,,0.749,,0.7494,,
SUDOUSDT,,,,,0.321,,,,
SUGARUSDT,,,,,0.02169,,0.0229,,
SUNDOGEUSDT,,,,,2.3e-05,,,,
SUNEOUSDT,,,,,5.365e-05,,,,
SUNJOKERUSDT,,,,,6.2e-05,,,,
SUNKEYUSDT,,,,,2.6e-05,,,,
SUNNEDUSDT,,,,,0.00019,,,,
SUNPEPEUSDT,,,,,0.00049,,,,
SUNPUNKUSDT,,,,,0.000436,,,,
SUNRATSUSDT,,,,,6.9e-05,,,,
SUYAUSDT,,,,,7.3e-05,,,,
SWAGUSDT,,,,,0.1297,,,,
SWIFUSDT,,,,,4.9e-05,,,,
SYDNEYUSDT,,,,,0.000314,,,,
SYNCUSDT,,,,,0.00036,,,,
TBANKUSDT,,,,,0.1498,,,,
TCATUSDT,,,,,0.000691,,0.0004549,,
TEEUSDT,,,,,0.014443,,0.00449,,
TELEPATHYUSDT,,,,,0.0,,,,
TERMINUSUSDT,,,,,0.1604,,0.14747,,
TESTSOLUSDT,,,,,0.009953,,,,
TETSUOUSDT,,,,,0.0118,,0.01098,,
THREEACUSDT,,,,,0.04771,,,,
TIEDANUSDT,,,,,0.0003491,,,,
TILLYUSDT,,,,,4.5e-05,,,,
TINUUSDT,,,,,6.86e-05,,,,
TISMUSDT,,,,,2.2e-05,,,,
TITANUSDT,,,,,0.0014,,,,
TITTYUSDT,,,,,2e-08,,,,
TMANIAUSDT,,,,,0.00031,,,,
TOADUSDT,,,,,1.248e-08,,,,
TOGAUSDT,,,,,0.00052,,,,
TOKAMAKUSDT,,,,,2.3875,,,,
TOKEUSDT,,,,,2.376,,,,
TON1USDT,,,,,7.7755,,,,
TOOKERUSDT,,,,,0.0129,,,,
TOPCATUSDT,,,,,0.000333,,,,
TOTHESUNUSDT,,,,,8.99e-05,,,,
TPUUSDT,,,,,0.0,,,,
TROGEUSDT,,,,,9.35e-05,,,,
TROGUSDT,,,,,5.95e-06,,,,
TRONDOGUSDT,,,,,0.000246,,,,
TRONYUSDT,,,,,0.000316,,,,
TRRUSDT,,,,,0.0007,,,0.00061,
TRUMP1USDT,,,,,0.0,,,,
TRUMPAMANIAUSDT,,,,,9e-08,,,,
TRUMPNSUSDT,,,,,9.8e-07,,,,
TRUMPUSDT,,,,,1.7165,,0.001877,,
TRUMPWIFUSDT,,,,,0.0,,,,
TRUTHUSDT,,,,,0.0082,,,,
TSUKAUSDT,,,,,0.00463,0.012204,,,
TUCKERUSDT,,,,,0.0,,,,
TWXUSDT,,,,,0.003477,,,,
TYBGUSDT,,,,,0.0003843,,,,
TYTUSDT,,,,,0.0043,,,,
TZUUSDT,,,,,3.8e-05,,,,
UBCUSDT,,,,,0.02894,,0.02353,,
ULTRAUSDT,,,,,9.7e-08,,,,
UMEEUSDT,,,,,0.0,,,,
UNISUIUSDT,,,,,0.01632,,,,
UPDOGUSDT,,,,,0.001378,,,,
UPPUSDT,,,,,0.05,,,,
UROSOLUSDT,,,,,0.02493,,,,
USAUSDT,,,,,2.1e-06,,,,
USEDCARUSDT,,,,,0.03589,,,,
VECUSDT,,,,,1.25,,,,
VIKITAUSDT,,,,,0.0038124,,,,
VMPXUSDT,,,,,0.0229,,,,
VOIDUSDT,,,,,0.01195,,,,
VOWUSDT,,,,,0.0946,,,0.095,
VVAIFUUSDT,,,,,0.0571,,,,
WALTERUSDT,,,,,0.000367,,0.00127,,
WATERUSDT,,,,,6.5e-05,,,,
WETHUSDT,,,,,1279.97,,,,
WHALETRXUSDT,,,,,0.000599,,,,
WHYUSDT,,,,,1.9e-07,1.945e-07,1.911e-07,,
WIFMAGAUSDT,,,,,0.0019,,,,
WINRUSDT,,,,,0.04015,,,,
WNCGUSDT,,,,,0.0744,,,,
WOLFSOLUSDT,,,,,0.001487,,,,
WORMUSDT,,,,,0.02662,,,,
WSBSOLUSDT,,,,,0.00236,,,,
WTAOUSDT,,,,,0.008,,,,
WUKONGETHUSDT,,,,,7.38e-06,,,,
WUKONGUSDT,,,,,0.00089,,,,
WYACUSDT,,,,,0.009997,,,,
WYNNUSDT,,,,,0.00318,,,,
WZRDUSDT,,,,,5.771,,6.0243,,
X314USDT,,,,,0.023,,,,
XBUSDT,,,,,0.522208,,,,
XDUSDT,,,,,0.004201,,,,
XEROAIUSDT,,,,,0.05786,,,,
XIAOUSDT,,,,,0.000459,,,,
XLGUSDT,,,,,0.00027,,,,
XPEUSDT,,,,,0.2689,,,,
XPUSDT,,,,,1.3e-05,,,,
YAIUSDT,,,,,0.0356,,,,
YESBUTUSDT,,,,,0.000241,,,,
YESUSDT,,,,,5.71,,0.006122,,
YORIUSDT,,,,,8.4e-05,,,,
ZACKUSDT,,,,,0.00247,,,,
ZAPOUSDT,,,,,0.002599,,,,
ZEREBROUSDT,,,,,0.3731609,,,,
ZHUBAJIEUSDT,,,,,2e-05,,,,
ZIONUSDT,,,,,2.5e-05,,,,
ZLOTUSDT,,,,,0.0,,,,
$AIUSDT,,,,,,0.82923,,,
$ALTUSDT,,,,,,0.19149,,,
$DEGENUSDT,,,,,,0.0188,,,
$GPTUSDT,,,,,,0.0965,,,
0X0USDT,,,,,,0.36446,,,
10SETUSDT,,,,,,0.2935,,,
AABLUSDT,,,,,,0.00332,,,
ABTUSDT,,,,,,2.02234,,,
ACXUSDT,,,,,,0.587,0.99968,,
AINNUSDT,,,,,,0.097,0.279,0.1116,
AINUSDT,,,,,,0.008591,,,
AITUSDT,,,,,,0.109,,,
AIXUSDT,,,,,,0.02302,,,
ALEUSDT,,,,,,0.11,,,
ALPHUSDT,,,,,,1.8872,,,
ANDYUSDT,,,,,,0.002102,,,
APPAUSDT,,,,,,0.00269,,,
ASMUSDT,,,,,,0.102,,,
ATSUSDT,,,,,,0.1215,,,
AZITUSDT,,,,,,0.02783,,,
BABYBONKUSDT,,,,,,1.628e-11,1.5291e-11,,
BABYELONUSDT,,,,,,4.759e-12,,,
BABYGROKUSDT,,,,,,4.23e-12,,,
BCCOINUSDT,,,,,,0.2445,,0.235,
BGBUSDT,,,,,,1.926,,,
BIAOUSDT,,,,,,0.001663,,,
BICITYUSDT,,,,,,0.00372,,,
BIP1USDT,,,,,,0.1841,,,
BITCOINUSDT,,,,,,0.27468,,,
BIZAUSDT,,,,,,0.001324,,0.001321,
BLASTUPUSDT,,,,,,0.0094,,,
BLSUSDT,,,,,,0.1931,,,
BORAUSDT,,,,,,0.1661,,,0.16767
BOXUSDT,,,,,,0.03034,,,
BRNUSDT,,,,,,0.2823,,,
BROCKUSDT,,,,,,0.06298,,,
BWBUSDT,,,,,,0.3029,,,
CAGAUSDT,,,,,,0.0001307,,,
CANTOUSDT,,,,,,0.03331009,,,
CATAUSDT,,,,,,0.000166,,0.0001666,
CATBOYUSDT,,,,,,0.01948,,,
CATCHNEWUSDT,,,,,,0.092,,,
CATDOGUSDT,,,,,,2.43e-05,3.691e-05,,
CATENEWUSDT,,,,,,0.00151,,,
CAUUSDT,,,,,,2.991,,,
CBPAYUSDT,,,,,,0.0006476,,,
CECUSDT,,,,,,0.013503,,,
CHAPZUSDT,,,,,,0.001621,,,
COMAIUSDT,,,,,,0.3147,,,
CRETAUSDT,,,,,,0.00995,,,
CVTXUSDT,,,,,,0.003992,,0.003837,
DAOTUSDT,,,,,,0.2606,,,
DCBUSDT,,,,,,0.04362,,,
DFCUSDT,,,,,,0.2894,,,
DOPEUSDT,,,,,,0.010439,0.0005305,,
DTECUSDT,,,,,,0.1488,,,
EMLUSDT,,,,,,0.08467,,,
EMTUSDT,,,,,,0.01328,,0.00071,
F3USDT,,,,,,0.01386,,0.00903,
FAVRUSDT,,,,,,0.00775,,,
FONUSDT,,,,,,0.8583,,,
GALFANUSDT,,,,,,1.6893,,,
GAME2USDT,,,,,,0.00609,,,
GBTCUSDT,,,,,,0.3196,,,
GDVUSDT,,,,,,2.471e-05,,,
GEARUSDT,,,,,,0.009564,,,0.009575
GEEKUSDT,,,,,,0.00341,,,
GEMSUSDT,,,,,,0.193,,0.0184,
GFALUSDT,,,,,,0.01123791,,,
GFIUSDT,,,,,,2.366,,,
GINOAUSDT,,,,,,0.54,,,
GOMDUSDT,,,,,,2.19e-05,,,
GPTVUSDT,,,,,,0.001328,,,
GRPHUSDT,,,,,,0.0068,,,
GUIUSDT,,,,,,3.364e-05,,,
GXEUSDT,,,,,,0.00372,,,
HELLOUSDT,,,,,,0.02845,,,
HGPTUSDT,,,,,,0.05259,,,
HIPPUSDT,,,,,,6.8614e-10,,,
HIVPUSDT,,,,,,0.0027,,,
HOLDUSDT,,,,,,1.775,,,
IAGUSDT,,,,,,0.32985,,,
INVITEUSDT,,,,,,0.006835,,,
IVPAYUSDT,,,,,,0.0078,,,
JUNGLEUSDT,,,,,,3.41e-06,,,
KATAUSDT,,,,,,0.00089701,,0.0009115,
KHAIUSDT,,,,,,0.6383,0.6319,,
KOKOUSDT,,,,,,3.359e-06,,,
LABUSDT,,,,,,0.05568,,,
LAIKAUSDT,,,,,,1.672e-05,,,
LAKEUSDT,,,,,,0.01272,,,
LANDWOLFUSDT,,,,,,0.000893,,,
LEASHUSDT,,,,,,391.8003,,,
LIFEFORMUSDT,,,,,,0.01812,,,
LIQUIDIUMTOKENUSDT,,,,,,0.1503,,,
LITTUSDT,,,,,,0.002074,,,
LNDXUSDT,,,,,,0.5614,,,
LNQUSDT,,,,,,0.2238,,,
LOEUSDT,,,,,,0.02566,,,
LPMUSDT,,,,,,1.8,,,
LSD7USDT,,,,,,0.00194,,,
LSDNEWUSDT,,,,,,0.92073,,,
MAJORNEWUSDT,,,,,,1.1341,,,
MANDUSDT,,,,,,0.03674,,,
MASUSDT,,,,,,0.07165,,0.00025,
MAXNEWUSDT,,,,,,0.28687,,,
MCADEUSDT,,,,,,0.022474,,,
MCHCUSDT,,,,,,0.0634,,,
MCHUSDT,,,,,,0.023677,,,
MEMECOINUSDT,,,,,,0.016901,,,
MMITUSDT,,,,,,2.265e-09,,,
MNTCUSDT,,,,,,1.521,,,
MOEWUSDT,,,,,,0.000546,,,
MONGYUSDT,,,,,,0.000217,,,
MSTRUSDT,,,,,,0.006143,,,
NEXAUSDT,,,,,,3.065e-06,,,
NMTUSDT,,,,,,3.77004,,,
NUBUSDT,,,,,,0.0236,,,
NUUMUSDT,,,,,,0.02267,,,
OGLGUSDT,,,,,,0.0004042,,,
OLASUSDT,,,,,,2.016,,,
OMAXUSDT,,,,,,0.0016552,,,
OMIUSDT,,,,,,0.0004713,0.0004996,,0.0004729
OMNI1USDT,,,,,,13.8664,,,
OMNIANEWUSDT,,,,,,0.253,,,
ORBKUSDT,,,,,,0.00081,,,
ORNJUSDT,,,,,,0.16755,,0.1682,
PEPECOINUSDT,,,,,,4.17779,,,
PGPTUSDT,,,,,,0.129205,,,
PGTUSDT,,,,,,0.000408,,,
PORTUMAUSDT,,,,,,0.000267,,,
PREMARKET3USDT,,,,,,0.0,,,
PRIME1USDT,,,,,,15.36,,,
PROPCUSDT,,,,,,1.9534,,,
PROPSUSDT,,,,,,0.143904,,,
QTLXUSDT,,,,,,0.05176,,,
QUBICUSDT,,,,,,4.351e-06,4.403e-06,,
RBTCNEWUSDT,,,,,,6.3417e-06,,,
REACHUSDT,,,,,,0.02912,,,
RFRMUSDT,,,,,,0.10119,,,
RJVUSDT,,,,,,0.025047,,,
ROGUSDT,,,,,,0.5248,,,
RONUSDT,,,,,,2.275,,,2.277
ROOSTUSDT,,,,,,0.0019,,,
ROSAUSDT,,,,,,0.00157,,,
ROSXUSDT,,,,,,0.00483,,,
RUNESXBITCOINUSDT,,,,,,8.25e-06,,,
SAUCEUSDT,,,,,,0.11452,,,
SBTCSUSDT,,,,,,0.573,,,
SCIHUBUSDT,,,,,,0.02583,0.025,,
SCRATUSDT,,,,,,0.01,,,
SDEXUSDT,,,,,,0.013899,,,
SERSHUSDT,,,,,,0.1118,,,
SETF1001USDT,,,,,,0.5589,,,
SHIDOUSDT,,,,,,0.001035,,,
SKRUSDT,,,,,,0.00753,,,
SLTUSDT,,,,,,0.020405,,,
SMLUSDT,,,,,,0.000982,,,
SNEKUSDT,,,,,,0.0088003,,,
SNIFTUSDT,,,,,,0.01869,,,
SOPHUSDT,,,,,,0.01795,,,
SPACEUSDT,,,,,,1.428,,,
SPURSUSDT,,,,,,1.6278,,,1.632
STIKUSDT,,,,,,1.46207,,,
SWCHUSDT,,,,,,0.3468,,,
SWGTUSDT,,,,,,0.1394,,,
SXCHUSDT,,,,,,0.03258,,,
SXRPSUSDT,,,,,,0.0,,,
SYKUSDT,,,,,,0.1292,,,
T2T2USDT,,,,,,0.00026,,,
TETUSDT,,,,,,10.4361,,,
THENAUSDT,,,,,,2.4778,,,
TIMESOLUSDT,,,,,,1.2075e-06,,,
TONCOINUSDT,,,,,,6.931,,,
TRIASUSDT,,,,,,7.079,,,
TUPUSDT,,,,,,0.023605,,,
UBXSUSDT,,,,,,0.16474,,0.151,
UDSUSDT,,,,,,0.1953,,,
UNICEUSDT,,,,,,0.01284,,,
UPCUSDT,,,,,,4.0049,,,
UPUSDT,,,,,,0.0403,,,
VELO1USDT,,,,,,0.0246805,,,
VIAUSDT,,,,,,0.139,,,
VMINTUSDT,,,,,,0.012075,,,
VSCUSDT,,,,,,0.01471991,,,
VTUSDT,,,,,,0.0167,,,
WALVUSDT,,,,,,0.009095,,,
WOLFUSDT,,,,,,0.00014838,0.00014263,0.000148465,
WUFUSDT,,,,,,1.005e-06,,,
WUSDUSDT,,,,,,0.9996,1.0734,1.001,
XCHNGUSDT,,,,,,0.04237,,,
XELSUSDT,,,,,,0.04757,,,
XNEWUSDT,,,,,,0.0002003,,,
XORUSDT,,,,,,2.364e-06,,,
ZAIUSDT,,,,,,0.0709,,,
ZBUUSDT,,,,,,4.4501,,,
ZKSYNCUSDT,,,,,,0.233,,,
ZZZUSDT,,,,,,0.00957,999999999.0,,
ZYNUSDT,,,,,,,0.03457,0.041,
MAPSUSDT,,,,,,,0.01799,,
ASDPUSDT,,,,,,,0.00099,,
POWSCHEUSDT,,,,,,,0.12523,,
WTFUSDT,,,,,,,0.0007908,,
ARIXUSDT,,,,,,,0.0179727,,
OSAKUSDT,,,,,,,1.5e-06,,
PIINUSDT,,,,,,,6.149e-05,,
PDEXUSDT,,,,,,,0.138,,
NIOXUSDT,,,,,,,0.0011437,,
LFGOUSDT,,,,,,,0.003293,,
BTWUSDT,,,,,,,0.00107,,
AASTUSDT,,,,,,,0.0867,,
KANGOUSDT,,,,,,,0.00010422,,
ANMLUSDT,,,,,,,9.6e-05,,
HAGGISUSDT,,,,,,,0.001693,,
SCUBAUSDT,,,,,,,0.0004706,,
AXUSDT,,,,,,,0.3097,,
SOPHONUSDT,,,,,,,0.0007481,,
KSGUSDT,,,,,,,0.0001178,,
BETSUSDT,,,,,,,7.91e-05,,
ROWANUSDT,,,,,,,7e-06,,
UWUUSDT,,,,,,,0.000252,,
BARIOUSDT,,,,,,,0.0029718,,
DOGESOLUSDT,,,,,,,0.72339,,
$XUSDT,,,,,,,0.0004069,,
NEIROINUUSDT,,,,,,,7.86e-08,,
MONKUSDT,,,,,,,0.0031495,,
BYNUSDT,,,,,,,0.001358,,
WELFUSDT,,,,,,,0.0001628,,
FEFEUSDT,,,,,,,0.00843,,
$SLOPUSDT,,,,,,,0.001878,,
PLNUSDT,,,,,,,0.005249,,
KONANUSDT,,,,,,,7.554e-06,,
$UROUSDT,,,,,,,0.029248,,
WASUSDT,,,,,,,0.002045,,
SOLSUSDT,,,,,,,0.2337,,
$ZKUSDT,,,,,,,0.23474,,
SHORKUSDT,,,,,,,0.09186,,
$MCOINUSDT,,,,,,,0.0001822,,
OSCARUSDT,,,,,,,0.007792,,
LKYUSDT,,,,,,,9.4057,,
LOONUSDT,,,,,,,0.0004898,,
ROSSUSDT,,,,,,,0.011992,,
PIZZABRCUSDT,,,,,,,2.899,,
GOFIUSDT,,,,,,,2e-05,,
WOOOOOUSDT,,,,,,,0.0004099,,
XSOLUSDT,,,,,,,0.09908,,
TORAUSDT,,,,,,,0.001183,,
BLUUSDT,,,,,,,0.0015034,,
FLEXUSDT,,,,,,,3.0,,
$DOGEUSDT,,,,,,,0.2985289,,
WDOGUSDT,,,,,,,0.002641,,
FRELUSDT,,,,,,,0.00019714,,
UMBUSDT,,,,,,,0.019158,,
SYPUSDT,,,,,,,0.0004907,,
LEOUSDT,,,,,,,9.26,9.3436,9.386
ORACLEUSDT,,,,,,,4.74e-05,,
TIPUSDT,,,,,,,999999999.0,,
$FOURUSDT,,,,,,,0.005,,
$OZONEUSDT,,,,,,,0.00190003,,
TOONUSDT,,,,,,,3.24e-05,,
$SCUSDT,,,,,,,0.01978,,
AI16ZUSDT,,,,,,,0.43981,,
OLTUSDT,,,,,,,0.00117,,
NIKEPIGUSDT,,,,,,,0.007916,,
$BULLUSDT,,,,,,,5.204e-05,,
GMUSDT,,,,,,,5.755e-05,2.74e-05,
SKIBIDIUSDT,,,,,,,5.947e-05,,
MEMEBRCUSDT,,,,,,,50.638,,
SHITUSDT,,,,,,,0.005897,,
$ROCKUSDT,,,,,,,0.05041,,
RYOUSDT,,,,,,,0.010994,,
RADXUSDT,,,,,,,5.361e-06,,
LYAUSDT,,,,,,,0.215,,
SNYUSDT,,,,,,,0.00444,,
$JCOUSDT,,,,,,,0.003943,,
HACHIUSDT,,,,,,,0.0002817,,
SBAEUSDT,,,,,,,0.0004338,,
UGLYDOGUSDT,,,,,,,0.0005502,,
FOFUSDT,,,,,,,0.004737,,
OXYUSDT,,,,,,,0.00471,,
TWURTLEUSDT,,,,,,,0.00041,,
$RIFUSDT,,,,,,,0.07449,,
STICKUSDT,,,,,,,0.0011864,,
OLJEFE20USDT,,,,,,,0.007491,,
PIZAUSDT,,,,,,,0.1886,4.01e-06,
HAMIUSDT,,,,,,,0.003123,,
DIVERUSDT,,,,,,,0.01205,,
DIVIUSDT,,,,,,,0.0012093,,
$MEMEUSDT,,,,,,,0.0008014,,
DAFIUSDT,,,,,,,0.001259,,
DECUSDT,,,,,,,0.00543,,
POZIUSDT,,,,,,,3.753e-05,,
HODUSDT,,,,,,,0.006608,,
$WWRYUSDT,,,,,,,4.45e-05,,
IDOUSDT,,,,,,,0.0223,,
TROPPYUSDT,,,,,,,7.7735e-06,,
DOGKUSDT,,,,,,,0.0006314,,
NACHOUSDT,,,,,,,0.00012512,,
PTFUSDT,,,,,,,0.07315,,
ADASOLUSDT,,,,,,,0.00099,,
STASHUSDT,,,,,,,0.0001927,,
RBLUSDT,,,,,,,999999999.0,,
SMTYUSDT,,,,,,,0.003367,,
GUANUSDT,,,,,,,0.008164,,
TEMAUSDT,,,,,,,0.0040145,,
$WENUSDT,,,,,,,3.189e-10,,
KINUSDT,,,,,,,1.7851e-05,1.405e-05,
SENDORUSDT,,,,,,,0.0002853,,
USDXUSDT,,,,,,,0.6082,,
CNSUSDT,,,,,,,2.388e-06,2.39e-06,
CATACLAWSUSDT,,,,,,,0.0001391,,
SOLARISUSDT,,,,,,,0.0062411,,
BEEFUSDT,,,,,,,4.276e-09,,
VSGUSDT,,,,,,,0.0040144,,
$BANANAUSDT,,,,,,,0.001647,,
JULDUSDT,,,,,,,0.00242,,
SHOPXUSDT,,,,,,,0.004411,,
STFUSDT,,,,,,,0.0027,,
DINGOUSDT,,,,,,,4.2237e-05,,
BOLTUSDT,,,,,,,0.001889,,
DOGYUSDT,,,,,,,7.3e-08,,
BRAINLETUSDT,,,,,,,0.019045,,
FWOGUSDT,,,,,,,0.409539,,
SWPUSDT,,,,,,,0.00468,,
MISTUSDT,,,,,,,0.001657,,
UBXUSDT,,,,,,,2.7112e-05,2.428e-05,
KOEUSDT,,,,,,,0.013577,,
STRXUSDT,,,,,,,0.05173,0.04827,
WATERBEARUSDT,,,,,,,0.004006,,
BUCKUSDT,,,,,,,0.00361,,
SNAKEKINGUSDT,,,,,,,5.44e-06,,
DESCIUSDT,,,,,,,0.001199,,
KASPERUSDT,,,,,,,0.0002364,,
WINNIEUSDT,,,,,,,0.00722,,
YLDUSDT,,,,,,,0.002,,
BGG1USDT,,,,,,,0.001181,,
BUFFIUSDT,,,,,,,1.87e-07,,
$1USDT,,,,,,,0.004931,,
XRVUSDT,,,,,,,1.2551,,
ASDUSDT,,,,,,,0.04351,,
$PEPEUSDT,,,,,,,0.001049,,
$KIRBYUSDT,,,,,,,0.000477,,
GPBUSDT,,,,,,,1.3604,,
YCTUSDT,,,,,,,5.49e-05,,
NEIROSUSDT,,,,,,,0.001886,,
REMILIOUSDT,,,,,,,0.000368,,
XDAIUSDT,,,,,,,0.999,,
ILUMUSDT,,,,,,,4.329e-06,,
KAMALAUSDT,,,,,,,2.51e-05,,
DAMEXUSDT,,,,,,,0.00236,,
SQGROWUSDT,,,,,,,0.07287,,
ICUSDT,,,,,,,3.953e-05,,
CNWUSDT,,,,,,,0.0047,,
SPCFINUSDT,,,,,,,0.000125,,
HGETUSDT,,,,,,,0.092,,
LYKUSDT,,,,,,,1.12469,,
FWCUSDT,,,,,,,1.27e-11,,
VERAUSDT,,,,,,,0.000288,,
MHUNTUSDT,,,,,,,0.00038,,
SCFUSDT,,,,,,,0.04973,,
GCRUSDT,,,,,,,0.001055,,
$DOGSUSDT,,,,,,,3.7724e-09,,
RSNOOFIUSDT,,,,,,,0.006769,,
LKRUSDT,,,,,,,0.000841,,
NOVAUSDT,,,,,,,0.00738,,
MNFTUSDT,,,,,,,0.001962,,
GOODLEUSDT,,,,,,,1.041e-06,,
WSBUSDT,,,,,,,1.039e-08,0.00023,
BTCSUSDT,,,,,,,0.2204,,
SUBFUSDT,,,,,,,1.11e-09,,
MORIUSDT,,,,,,,0.15601,,
$MFERUSDT,,,,,,,0.032262,,
$GOLDUSDT,,,,,,,9.7e-06,,
HEGEUSDT,,,,,,,0.042723,,
AEONUSDT,,,,,,,0.0004918,,
KEXUSDT,,,,,,,0.02945,,
BKKTUSDT,,,,,,,0.000331,,
BARKUSDT,,,,,,,2.9e-05,,
$TERMINUSUSDT,,,,,,,1.685e-06,,
LQCUSDT,,,,,,,999999999.0,,
HOPRUSDT,,,,,,,0.09588,,
RUNECOINUSDT,,,,,,,0.003104,,0.003232
MAGNETUSDT,,,,,,,0.000843,,
UNDEADUSDT,,,,,,,0.00392,,
KOTOUSDT,,,,,,,0.007233,,
JKCUSDT,,,,,,,0.2375,,
LOUDERUSDT,,,,,,,0.003209,,
PRXYUSDT,,,,,,,0.0188,,
VCOREUSDT,,,,,,,0.000894,,
TRAXXUSDT,,,,,,,0.00206,,
$LOAFUSDT,,,,,,,7.6e-05,,
DMAGAUSDT,,,,,,,0.00411,,
MCTPUSDT,,,,,,,0.39236,,
MIMUSDT,,,,,,,0.9665,,
DTCUSDT,,,,,,,0.003606,,
WVTRSUSDT,,,,,,,0.02165,,
CHARLIEUSDT,,,,,,,0.000308,,
$BRETTUSDT,,,,,,,0.2905,,
APFCUSDT,,,,,,,0.95734,,
ATDOGEUSDT,,,,,,,0.003381,,
BBONKUSDT,,,,,,,4.257e-05,,
COPIUSDT,,,,,,,999999999.0,,
VALUSDT,,,,,,,0.0013665,,
IKIGAIUSDT,,,,,,,0.0002743,,
MONAUSDT,,,,,,,0.00173,0.173,
BUCKSUSDT,,,,,,,1.18e-05,,
PLOTUSDT,,,,,,,0.006127,,
FTRBUSDT,,,,,,,0.00406,,
XEPUSDT,,,,,,,0.0005852,,
MNEEUSDT,,,,,,,1.0024,,
ROCKYUSDT,,,,,,,0.00415,,
FFMUSDT,,,,,,,0.04607,,
KOMUSDT,,,,,,,0.0049211,,
FRINUSDT,,,,,,,0.000699,,
AXOLUSDT,,,,,,,0.024141,,
HYPRUSDT,,,,,,,0.0005539,,
$SPEEDYUSDT,,,,,,,0.00808,,
NGTGUSDT,,,,,,,0.7031,,
M87USDT,,,,,,,9.7303e-05,,
BASEDPEPEUSDT,,,,,,,1.6052e-07,1.60833e-07,
LIMBOUSDT,,,,,,,0.005004,,
SPCTRUSDT,,,,,,,6.407e-07,,
THORUSDT,,,,,,,0.51755,,
MOGULUSDT,,,,,,,0.0003994,0.00016,
$MEGAUSDT,,,,,,,5.4e-05,,
AJNAUSDT,,,,,,,0.012242,,
IMGNAIUSDT,,,,,,,0.0124,0.011379,
KIBSHIUSDT,,,,,,,2.6606e-05,,
CUUTUSDT,,,,,,,0.0003646,,
$ADSUSDT,,,,,,,0.25264,,
$SITCOMUSDT,,,,,,,0.008874,,
CHUCKUSDT,,,,,,,0.0024,,
VHSUSDT,,,,,,,0.0025527,,
BITCATUSDT,,,,,,,0.00432,,
DBITUSDT,,,,,,,4.04e-10,,
NOTESUSDT,,,,,,,0.00999,,
CBYUSDT,,,,,,,0.4042,,
VIOLETUSDT,,,,,,,0.0001537,0.0001377,
DOGGOUSDT,,,,,,,4.559e-06,,
EDATUSDT,,,,,,,0.04024,,
WNUSDT,,,,,,,0.0427,,
SOURCEUSDT,,,,,,,0.00798,,
NSUREUSDT,,,,,,,0.00288,,
GAUUSDT,,,,,,,0.063089,,
FINUSDT,,,,,,,0.0007,,
SGMUSDT,,,,,,,0.0197043,,
EGLUSDT,,,,,,,999999999.0,,
BEFEUSDT,,,,,,,2.2129e-05,,
MIMANYUSDT,,,,,,,0.000838,,
SINKUSDT,,,,,,,0.0002866,,
AAAUSDT,,,,,,,,4.12e-06,
ADFUSDT,,,,,,,,0.000163,
AFXUSDT,,,,,,,,0.000151,
AG8USDT,,,,,,,,0.00776,
AGRSUSDT,,,,,,,,1.8499,
AMONUSDT,,,,,,,,0.000776,
ANGUSDT,,,,,,,,0.00024,
APRUSDT,,,,,,,,0.001408,
AQUAUSDT,,,,,,,,0.0013749,
ARCONAUSDT,,,,,,,,0.0173,
ARNXUSDT,,,,,,,,1.77e-06,
ASTAUSDT,,,,,,,,0.001468,
ATCUSDT,,,,,,,,0.008,
ATOLOUSDT,,,,,,,,0.000234,
AUTUSDT,,,,,,,,0.035,
AWNEXUSDT,,,,,,,,0.000799,
AXISUSDT,,,,,,,,0.00368,
BAAUSDT,,,,,,,,0.000124,
BBTUSDT,,,,,,,,0.000609,
BCACUSDT,,,,,,,,0.0031,
BCDUSDT,,,,,,,,0.1889,
BCOINUSDT,,,,,,,,0.002001,
BENXUSDT,,,,,,,,3.223e-05,
BGVTUSDT,,,,,,,,3.26e-05,
BHCUSDT,,,,,,,,1.62,
BLASTL2USDT,,,,,,,,0.01276,
BNFUSDT,,,,,,,,5.39e-05,
BNSDUSDT,,,,,,,,0.000619,
BOYSUSDT,,,,,,,,1.5001e-06,
BPLCUSDT,,,,,,,,1.63e-09,
BRGUSDT,,,,,,,,0.00014225,
BSCGIRLUSDT,,,,,,,,8e-06,
BSPARROWUSDT,,,,,,,,4.6e-12,
BSTYUSDT,,,,,,,,0.01699,
BSYUSDT,,,,,,,,0.00022,
BTCBAMUSDT,,,,,,,,0.044,
BTNCUSDT,,,,,,,,0.0003542,
BTRUSDT,,,,,,,,0.06949,
BYATUSDT,,,,,,,,1.39e-05,
BZPUSDT,,,,,,,,0.0355,
CALIUSDT,,,,,,,,0.00279,
CAMPUSDT,,,,,,,,4e-06,
CARRUSDT,,,,,,,,0.004999,
CBCUSDT,,,,,,,,0.07,
CBPUSDT,,,,,,,,0.029,
CGTUSDT,,,,,,,,0.01689,
CGUUSDT,,,,,,,,0.00168,
CHAINUSDT,,,,,,,,0.035,
CHIUSDT,,,,,,,,0.0455,
CIRIUSDT,,,,,,,,0.2434,
CIVUSDT,,,,,,,,0.00647,
CKMUSDT,,,,,,,,2.163e-05,
CMCXUSDT,,,,,,,,1.9e-05,
CNCUSDT,,,,,,,,9.6e-06,
COOPUSDT,,,,,,,,0.0483,
CORUSDT,,,,,,,,0.0002921,
CORXUSDT,,,,,,,,0.000148,
CPTLUSDT,,,,,,,,0.004894,
CPUUSDT,,,,,,,,0.0095,
CRAZYBMUSDT,,,,,,,,5.09e-15,
CROAKUSDT,,,,,,,,0.0011669,
CSPNUSDT,,,,,,,,0.013,
CTCNUSDT,,,,,,,,0.1,
CTREEUSDT,,,,,,,,0.000197,
CVAGUSDT,,,,,,,,1e-11,
DAILYUSDT,,,,,,,,0.004451,
DBAUSDT,,,,,,,,0.0035,
DBXUSDT,,,,,,,,3.589e-05,
DEBUSDT,,,,,,,,0.0065,
DEFITUSDT,,,,,,,,0.12987,
DEXAUSDT,,,,,,,,8.5e-06,
DHVUSDT,,,,,,,,0.03,
DKEYUSDT,,,,,,,,0.017,
DKTUSDT,,,,,,,,8.55e-07,
DOBUYUSDT,,,,,,,,0.30084,
DOGAUSDT,,,,,,,,2.5e-06,
DSLAUSDT,,,,,,,,0.0002119,
DTXUSDT,,,,,,,,0.00363,
DUCATOUSDT,,,,,,,,0.001526,
DUELTOKENUSDT,,,,,,,,0.006,
DUNEXUSDT,,,,,,,,0.628,
DWTUSDT,,,,,,,,0.3,
DXUSDT,,,,,,,,3.97e-05,
DYNSUSDT,,,,,,,,7.0,
EAPLUSDT,,,,,,,,0.0001313,
EARNUSDT,,,,,,,,0.01195,
EBPTCUSDT,,,,,,,,1.5e-08,
ECCUSDT,,,,,,,,4.65e-08,
ECOINUSDT,,,,,,,,0.000217,
ECOREALUSDT,,,,,,,,0.119,
ECUUSDT,,,,,,,,0.000527,
EDLCUSDT,,,,,,,,0.5712,
EGCUSDT,,,,,,,,0.000209,
EGGTUSDT,,,,,,,,0.78527,
EKTAUSDT,,,,,,,,0.001117,
ELCASHUSDT,,,,,,,,0.494,
ENQUSDT,,,,,,,,0.000218,
EQUADUSDT,,,,,,,,0.005719,
ESGCUSDT,,,,,,,,0.00056,
ETHAXUSDT,,,,,,,,0.015595,
ETHOUSDT,,,,,,,,0.015,
EURGUSDT,,,,,,,,1.099,
EVUUSDT,,,,,,,,0.00328,
EVYUSDT,,,,,,,,4.34e-06,
EXCCUSDT,,,,,,,,0.025511,
EZUSDT,,,,,,,,0.0107,
EZYUSDT,,,,,,,,0.00038,
F2KUSDT,,,,,,,,0.001281,
FACOUSDT,,,,,,,,0.0001903,
FAFUSDT,,,,,,,,0.006,
FAKTUSDT,,,,,,,,0.00028,
FBXUSDT,,,,,,,,2.99e-05,
FEEUSDT,,,,,,,,0.0002328,
FFAUSDT,,,,,,,,0.0001349,
FJBUSDT,,,,,,,,2.63e-06,
FLDBUSDT,,,,,,,,0.0002973,
FLYUSDT,,,,,,,,0.000418,
FONEUSDT,,,,,,,,2.09e-06,
FOYUSDT,,,,,,,,7.06e-07,
FREEUSDT,,,,,,,,2.2e-07,
FRRUSDT,,,,,,,,2.08e-05,
FRTSUSDT,,,,,,,,2.2733e-05,
FSCCUSDT,,,,,,,,0.1816,
FTRUSDT,,,,,,,,0.09,
FTVTUSDT,,,,,,,,0.00681,
FUSUSDT,,,,,,,,0.000428,
GBEXUSDT,,,,,,,,1.839e-08,
GDRUSDT,,,,,,,,2.31e-05,
GENUSDT,,,,,,,,6.81e-05,
GFYTTUSDT,,,,,,,,5.66e-05,
GGPUSDT,,,,,,,,4.375,
GHDUSDT,,,,,,,,7.5e-07,
GLCHUSDT,,,,,,,,0.00455,
GLDXUSDT,,,,,,,,0.0153,
GLKUSDT,,,,,,,,4.49e-06,
GLXUSDT,,,,,,,,5.7e-05,
GMCOINUSDT,,,,,,,,0.0712,
GNTOUSDT,,,,,,,,0.2184,
GOGOLUSDT,,,,,,,,2e-05,
GOTEMUSDT,,,,,,,,1.611e-05,
GREENUSDT,,,,,,,,0.002,
GTNUSDT,,,,,,,,0.0503,
GUCUSDT,,,,,,,,1e-05,
GUSDUSDT,,,,,,,,0.9072,
GXZUSDT,,,,,,,,0.000228,
GZXUSDT,,,,,,,,0.0001329,
HBDCUSDT,,,,,,,,0.004178,
HBUSDUSDT,,,,,,,,0.0377,
HEDGUSDT,,,,,,,,0.0041,
HGOLDUSDT,,,,,,,,0.0751517,
HGUSDT,,,,,,,,3.24e-06,
HIDEOUSUSDT,,,,,,,,2.4999e-08,
HIMUSDT,,,,,,,,1.969,
HMDUSDT,,,,,,,,0.001446,
HMTUSDT,,,,,,,,0.1188,
HPFUSDT,,,,,,,,0.01519,
HVE2USDT,,,,,,,,7.5e-05,
HXAUSDT,,,,,,,,1e-09,
HZDUSDT,,,,,,,,1.41e-07,
ICOMUSDT,,,,,,,,0.01014,
IDNAUSDT,,,,,,,,0.0062,
IGNISUSDT,,,,,,,,0.00496,
ILCUSDT,,,,,,,,0.00216,
INNUSDT,,,,,,,,0.002547,
INTXUSDT,,,,,,,,1.613e-05,
ISKUSDT,,,,,,,,0.14,
IZEUSDT,,,,,,,,0.0001997,
JHHUSDT,,,,,,,,1.2503e-06,
JOBUSDT,,,,,,,,8.859e-05,
JOLTUSDT,,,,,,,,0.0169,
JOULEUSDT,,,,,,,,0.02254,
JRITUSDT,,,,,,,,0.04,
KABOSUUSDT,,,,,,,,3.4e-09,
KALAUSDT,,,,,,,,4.51e-05,
KATUSDT,,,,,,,,0.001049,
KDCUSDT,,,,,,,,0.01468,
KLEVAUSDT,,,,,,,,0.04037,
KLYUSDT,,,,,,,,0.010973,
KMXUSDT,,,,,,,,0.00059,
KNAUSDT,,,,,,,,0.0235,
KNLCUSDT,,,,,,,,0.00502,
KPHIUSDT,,,,,,,,0.0007,
KPOPUSDT,,,,,,,,4.24e-05,
KRPUSDT,,,,,,,,2.28e-07,
KUNCIUSDT,,,,,,,,0.00092253,
KUVUSDT,,,,,,,,1.8e-06,
KVERSEUSDT,,,,,,,,8.06e-05,
L2USDT,,,,,,,,0.001807,
LANCUSDT,,,,,,,,0.000165,
LANDUSDT,,,,,,,,4.36e-05,
LCMGUSDT,,,,,,,,0.0002701,
LCRUSDT,,,,,,,,0.004,
LCTUSDT,,,,,,,,0.0112,
LEMCUSDT,,,,,,,,0.000309,
LEMXUSDT,,,,,,,,58.9514,
LIBFXUSDT,,,,,,,,0.000914,
LIFEUSDT,,,,,,,,8.81e-05,
LIMEXUSDT,,,,,,,,2.81e-05,
LIMOUSDT,,,,,,,,0.00312,
LOVEUSDT,,,,,,,,7e-06,
LOXUSDT,,,,,,,,2.29e-05,
LPNTUSDT,,,,,,,,0.00852,
LPYUSDT,,,,,,,,0.002497,
LSPUSDT,,,,,,,,0.01,
LUCUSDT,,,,,,,,0.000367,
LUNRUSDT,,,,,,,,0.0155,
MASQUSDT,,,,,,,,0.229,
MCFUSDT,,,,,,,,0.005732,
MCO2USDT,,,,,,,,0.401,
MCTUSDT,,,,,,,,0.000137,
MELOUSDT,,,,,,,,1.587e-07,
METANOUSDT,,,,,,,,0.00022189,
METAQUSDT,,,,,,,,0.12511,
METIUSDT,,,,,,,,0.0002002,
MGPTUSDT,,,,,,,,0.00799,
MIBUSDT,,,,,,,,0.000109,
MISAUSDT,,,,,,,,4.9e-07,
MLTPXUSDT,,,,,,,,3.9e-07,
MMAIUSDT,,,,,,,,4.09e-05,
MMAONUSDT,,,,,,,,0.00984,
MNBUSDT,,,,,,,,0.000249,
MNDCCUSDT,,,,,,,,0.014543,
MNSUSDT,,,,,,,,2.8e-05,
MNTGUSDT,,,,,,,,0.00218,
MOMUSDT,,,,,,,,7.34e-12,
MOOIUSDT,,,,,,,,0.01008,
MQLUSDT,,,,,,,,1.199e-05,
MSCTUSDT,,,,,,,,0.00262,
MSGUSDT,,,,,,,,0.000795,
MTKUSDT,,,,,,,,0.00014,
MTRXUSDT,,,,,,,,0.00021,
MVTUSDT,,,,,,,,0.00014,
MXGPUSDT,,,,,,,,0.00355,
MYBUSDT,,,,,,,,0.000172,
NCUSDT,,,,,,,,6.27e-05,
NECUSDT,,,,,,,,0.0003895,
NFCNUSDT,,,,,,,,0.0018,
NFTINGUSDT,,,,,,,,2.4e-05,
NIGELLAUSDT,,,,,,,,11.813,
NTHUSDT,,,,,,,,0.447,
NTRUSDT,,,,,,,,0.0006,
NTXUSDT,,,,,,,,2.21e-05,
NXRUSDT,,,,,,,,2.3e-05,
NYEUSDT,,,,,,,,0.079,
OCWUSDT,,,,,,,,0.004803,
OLEAUSDT,,,,,,,,0.007912,
OLYUSDT,,,,,,,,0.000278,
OPPUSDT,,,,,,,,7.3e-05,
ORINUSDT,,,,,,,,9.96e-08,
OTCUSDT,,,,,,,,0.00749,
OUDUSDT,,,,,,,,0.00317,
OVOUSDT,,,,,,,,0.01,
OXCUSDT,,,,,,,,1.52e-05,
PANDOUSDT,,,,,,,,0.000454,
PARMAUSDT,,,,,,,,0.0288,
PARTUSDT,,,,,,,,0.149,
PARUSDT,,,,,,,,0.5986,
PAYBUSDT,,,,,,,,8.52e-05,
PCRMUSDT,,,,,,,,0.00208,
PEAKUSDT,,,,,,,,0.000385,
PEPEMEMEUSDT,,,,,,,,2.18e-05,
PGPAYUSDT,,,,,,,,0.00079,
PLIUSDT,,,,,,,,0.0287,
PMPYUSDT,,,,,,,,0.004577,
POPUSDT,,,,,,,,9.7e-06,
PORTEUSDT,,,,,,,,0.000753,
PRNTUSDT,,,,,,,,0.014,
PROBINEXUSDT,,,,,,,,0.08733,
PROBUSDT,,,,,,,,0.05486,
PROTUSDT,,,,,,,,0.006,
PTHUSDT,,,,,,,,0.08689,
PTXUSDT,,,,,,,,0.003127,
PZMUSDT,,,,,,,,0.00067001,
QDFIUSDT,,,,,,,,0.004125,
QIQUSDT,,,,,,,,0.001871,
QMCUSDT,,,,,,,,0.00041,
QRTUSDT,,,,,,,,3.95e-06,
QUANUSDT,,,,,,,,1e-12,
QUAUSDT,,,,,,,,0.001628,
RADAUSDT,,,,,,,,8.22e-05,
RAGSCOINUSDT,,,,,,,,0.007256,
REDIUSDT,,,,,,,,3.5e-05,
REOBUSDT,,,,,,,,0.505,
REVUSDT,,,,,,,,2.05e-05,
ROARUSDT,,,,,,,,4.12e-06,
RSFTUSDT,,,,,,,,0.0009,
RTNUSDT,,,,,,,,0.06,
RUBICUSDT,,,,,,,,0.01199,
RUSHUSDT,,,,,,,,1e-07,
RWNUSDT,,,,,,,,0.031112,
RXTUSDT,,,,,,,,0.02,
RYOSHIUSDT,,,,,,,,1.5e-09,
SATOZUSDT,,,,,,,,0.027,
SATTUSDT,,,,,,,,4.11e-05,
SATUSDT,,,,,,,,1.044e-09,
SBIOUSDT,,,,,,,,0.07,
SCONEXUSDT,,,,,,,,0.000495,
SECONDUSDT,,,,,,,,0.000653,
SEFAUSDT,,,,,,,,0.00219,
SHIBDOGEUSDT,,,,,,,,3.4e-17,
SHIBTCUSDT,,,,,,,,1.2188,
SKETCHUSDT,,,,,,,,0.00041,
SKIUSDT,,,,,,,,0.00599,
SKPUSDT,,,,,,,,0.0001884,
SKXUSDT,,,,,,,,0.2828,
SKYBITUSDT,,,,,,,,0.023,
SLCUSDT,,,,,,,,0.04358,
SMARTLOXUSDT,,,,,,,,8.8e-06,
SMARTNFTUSDT,,,,,,,,2.57e-05,
SMTFUSDT,,,,,,,,0.0188,
SNBUSDT,,,,,,,,0.0005,
SOMEEUSDT,,,,,,,,0.000407,
SPRAYUSDT,,,,,,,,10.03,
SPWNUSDT,,,,,,,,2.88e-05,
SQRBUSDT,,,,,,,,8e-06,
SRXUSDT,,,,,,,,0.06529,
SSTUSDT,,,,,,,,0.00058,
STDUUSDT,,,,,,,,0.0258,
STIPSUSDT,,,,,,,,0.0051999,
STIUSDT,,,,,,,,9e-05,
STOCUSDT,,,,,,,,0.000699,
STRIUSDT,,,,,,,,0.007,
SURFUSDT,,,,,,,,0.0274,
SVQUSDT,,,,,,,,0.000233,
SWIMUSDT,,,,,,,,1.04e-06,
SYLUSDT,,,,,,,,0.00033,
TACUSDT,,,,,,,,2.6,
TALKUSDT,,,,,,,,0.0237,
TBCCUSDT,,,,,,,,0.000503,
TCAKEUSDT,,,,,,,,0.00015,
TCNUSDT,,,,,,,,0.011,
TERAUSDT,,,,,,,,6.99e-11,
TEVIUSDT,,,,,,,,6.6e-08,
THEOSUSDT,,,,,,,,9.32e-05,
TKSUSDT,,,,,,,,0.010155,
TLWUSDT,,,,,,,,0.2428,
TMEDUSDT,,,,,,,,8.49e-06,
TORGUSDT,,,,,,,,2.75e-08,
TQRTUSDT,,,,,,,,1.3493,
TR3USDT,,,,,,,,6.56e-05,
TREEBUSDT,,,,,,,,0.00059,
TSKUSDT,,,,,,,,0.00095,
TXAUSDT,,,,,,,,0.00743,
UBEXUSDT,,,,,,,,6.23e-05,
UBSNUSDT,,,,,,,,1.178e-05,
UCMUSDT,,,,,,,,0.000159,
UCOUSDT,,,,,,,,0.0206,
UCXUSDT,,,,,,,,0.01954,
UHPUSDT,,,,,,,,0.000247,
ULTUSDT,,,,,,,,0.0988,
ULXUSDT,,,,,,,,0.01699,
UNISWAPUSDT,,,,,,,,15.502,
UNSUSDT,,,,,,,,0.154,
UPIUSDT,,,,,,,,0.000212,
UPPSUSDT,,,,,,,,0.00802,
UPTUSDT,,,,,,,,1.962,
USDGUSDT,,,,,,,,0.98,
VCKUSDT,,,,,,,,0.002536,
VEILUSDT,,,,,,,,0.0024,
VESTATEUSDT,,,,,,,,0.004,
VEXUSDT,,,,,,,,0.00123,
VKNFUSDT,,,,,,,,0.00112,
VLDTUSDT,,,,,,,,5e-06,
VNDTUSDT,,,,,,,,0.0001680000019,
VOLRUSDT,,,,,,,,0.6158,
WACOUSDT,,,,,,,,0.000434,
WADFUSDT,,,,,,,,0.8,
WECUSDT,,,,,,,,0.00099,
WEPSUSDT,,,,,,,,0.03827,
WESPUSDT,,,,,,,,0.02,
WGCBUSDT,,,,,,,,0.0469,
WHXUSDT,,,,,,,,0.0001697,
WLOGUSDT,,,,,,,,2.45,
XANKUSDT,,,,,,,,0.000201,
XCASHUSDT,,,,,,,,3.2e-06,
XDNAUSDT,,,,,,,,9.01e-06,
XGPUSDT,,,,,,,,1.74e-05,
XMTUSDT,,,,,,,,0.0015,
XPXUSDT,,,,,,,,0.0005022,
XSCUSDT,,,,,,,,0.041,
XSEIUSDT,,,,,,,,0.0022,
XSPECTARUSDT,,,,,,,,0.03848,
XSPUSDT,,,,,,,,0.000759,
XTPUSDT,,,,,,,,0.001028,
XVCUSDT,,,,,,,,3.42e-05,
XXAUSDT,,,,,,,,0.0139,
YDRUSDT,,,,,,,,0.000188,
YFB2USDT,,,,,,,,1.6956,
YFDTUSDT,,,,,,,,0.35,
YFVUSDT,,,,,,,,0.0435,
YLDYUSDT,,,,,,,,4.2e-05,
YOTTAUSDT,,,,,,,,1.155,
ZAMZAMUSDT,,,,,,,,3.6e-07,
ZDEXUSDT,,,,,,,,0.0307,
ZETCABUSDT,,,,,,,,0.000576,
ZIKUSDT,,,,,,,,0.0011,
ZKSUSDT,,,,,,,,0.0108,
ZLWUSDT,,,,,,,,0.001862,
ZMTUSDT,,,,,,,,0.00368,
ZRTUSDT,,,,,,,,2.27e-06,
ZUPIUSDT,,,,,,,,4.89e-08,
ZYRUSDT,,,,,,,,0.002054,
BZZUSDT,,,,,,,,,0.568
GOGUSDT,,,,,,,,,0.05342
KISHUUSDT,,,,,,,,,4.89e-10
MENGOUSDT,,,,,,,,,0.3554
MILOUSDT,,,,,,,,,2.718e-08
OKTUSDT,,,,,,,,,12.777
RADARUSDT,,,,,,,,,0.006829
SSWPUSDT,,,,,,,,,0.0006521
TRAUSDT,,,,,,,,,0.8509
VELODROMEUSDT,,,,,,,,,0.14326
